I
1100 Generated by WorldEditor

1    230 0 0 Q71 Blair Strip
100 13.72 1 0 0.25 0 0 0 14  36.27778142 -119.64251186    0    0 2 0 0 0 32  36.27267412 -119.63885426    0    0 2 0 0 0
19  36.27247533 -119.63897513 1 WS
19  36.27798021 -119.64239099 1 WS

1    222 0 0 Q77 Bland Field
100 18.29 1 0 0.25 0 0 0 12  36.71419117 -120.03233311    0    0 2 0 0 0 30  36.71069993 -120.02797801    0    0 2 0 0 0
19  36.71448211 -120.03226054 1 WS
19  36.71040899 -120.02805060 1 WS

1   2120 0 0 Q21 Brownsville
1302 gui_label 2D
100 6.10 1 0 0.25 0 0 0 06  39.45460872 -121.29563178    0    0 1 0 0 0 24  39.45582168 -121.28760734    0    0 1 0 0 0
130 Airport Boundary 9
111  39.45642719 -121.28776634
111  39.45626560 -121.28796331
111  39.45613251 -121.28840650
111  39.45587586 -121.29085633
111  39.45603746 -121.29192734
111  39.45570475 -121.29207507
111  39.45490626 -121.29630988
111  39.45464960 -121.29653147
111  39.45439295 -121.29634681
111  39.45421234 -121.29579284
111  39.45414579 -121.29498034
111  39.45431690 -121.29361388
111  39.45565722 -121.28710157
111  39.45619905 -121.28667070
111  39.45631250 -121.28681923
111  39.45632263 -121.28710157
111  39.45651275 -121.28716312
111  39.45681693 -121.28715081
113  39.45674089 -121.28771710

1   5515 0 0 Q32 Chinle
100 18.29 4 0 0.25 0 0 0 17  36.15992291 -109.55028914    0    0 1 0 0 0 35  36.14841819 -109.55103588    0    0 1 0 0 0
19  36.16007434 -109.54997312 1 WS
19  36.14826676 -109.55135185 1 WS

1   6192 0 0 Q57 Cubero
1302 city Cubero
1302 country United States
1302 datum_lat 35.0875411
1302 datum_lon -107.5631061
1302 faa_code NM74
1302 state New Mexico
1302 transition_alt 18000
1302 transition_level 18000
100 30.48 4 0 0.35 0 0 0 08  35.08807959 -107.57154948    0    0 0 0 0 0 26  35.08733881 -107.56219224    0    0 0 0 0 0
100 30.48 4 0 0.35 0 0 0 17  35.09186986 -107.56582306    0    0 0 0 0 0 35  35.08710605 -107.56738292    0    0 0 0 0 0
110 4 0.45 95.2060 08 Turnaround
111  35.08820928 -107.57152146
112  35.08828207 -107.57214621  35.08845441 -107.57241741
111  35.08828207 -107.57214621
112  35.08828207 -107.57214621  35.08838358 -107.57242030
111  35.08795655 -107.57243906
112  35.08774828 -107.57190483  35.08775236 -107.57162564
113  35.08793766 -107.57129187
110 4 0.45 195.0526 17 Turnaround
111  35.09211735 -107.56611430
111  35.09129979 -107.56638313
112  35.09088617 -107.56590879  35.09087200 -107.56581877
112  35.09120914 -107.56546908  35.09143295 -107.56532712
111  35.09120914 -107.56546908
112  35.09120914 -107.56546908  35.09164259 -107.56542753
113  35.09196839 -107.56568028
110 4 0.46 275.5090 26 Turnaround
111  35.08729415 -107.56314035
112  35.08695576 -107.56247918  35.08675115 -107.56232050
111  35.08695576 -107.56247918
112  35.08695576 -107.56247918  35.08680427 -107.56244552
111  35.08698161 -107.56226580
113  35.08721676 -107.56220950
110 4 0.45 14.9766 Dirt Connector
111  35.08767420 -107.56780823
112  35.08700107 -107.56753403  35.08691948 -107.56721496
111  35.08755997 -107.56647212
112  35.08835957 -107.56686598  35.08847788 -107.56687096
111  35.08835957 -107.56686598
112  35.08835957 -107.56686598  35.08847380 -107.56705044
113  35.08786186 -107.56760881
130 Airport Boundary
111  35.09206283 -107.56555208
111  35.09222147 -107.56632243
111  35.09048044 -107.57195340
111  35.08760661 -107.57277228
111  35.08675840 -107.56765600
111  35.08678415 -107.56214377
113  35.08748662 -107.56210531
14  35.09073892 -107.56658525   6.00 0 Tower Viewpoint
1300  35.09197190 -107.56605884 176.43 tie_down props Residence
1301 A general_aviation 

1     45 0 0 Q23 Davis
1302 gui_label 2D
100 12.00 4 0 0.25 0 0 0 18  39.20411607 -122.04781494    0    0 1 0 0 0 36  39.19898802 -122.04779521    0    0 1 0 0 0
130 Airport Boundary 5
111  39.20195081 -122.05074122
111  39.20166216 -122.05081427
111  39.20145937 -122.05107747
111  39.20072690 -122.05205344
111  39.20046984 -122.05222025
111  39.19820782 -122.05222010
111  39.19746734 -122.05250803
111  39.19703116 -122.05211540
111  39.19642412 -122.05194203
111  39.19641714 -122.05075307
111  39.19627674 -122.04998745
111  39.19586464 -122.04896121
111  39.19554005 -122.04860784
111  39.19549947 -122.04626511
111  39.20440557 -122.04629103
113  39.20447657 -122.05074135

1    118 0 0 Q38 Dos Palos
1302 gui_label 2D
100 18.29 4 0 0.25 0 0 0 13  36.96696172 -120.63159497    0    0 1 0 0 0 31  36.96120385 -120.62765184    0    0 1 0 0 0
130 Airport Boundary 7
111  36.96715277 -120.63208582
111  36.96697237 -120.63186005
111  36.96247597 -120.62869113
111  36.96180118 -120.62873294
111  36.96144708 -120.62808077
111  36.96109298 -120.62784666
111  36.96010417 -120.62791355
111  36.96007745 -120.62675972
111  36.96548916 -120.62680148
111  36.96556266 -120.63003731
111  36.96728639 -120.63012091
113  36.96728639 -120.63242035

1   2029 0 0 Q81 Double Creek Ranch
100 24.00 4 0 0.35 0 0 0 06  40.44522611 -121.88889284    0    0 0 0 0 0 24  40.44621226 -121.87741991    0    0 0 0 0 0
110 4 0.35 0.0000 New Taxiway 3
111  40.44627213 -121.89010371
111  40.44614167 -121.89008628
111  40.44603774 -121.89006013
111  40.44593824 -121.89003979
111  40.44587412 -121.89006013
111  40.44580557 -121.89007466
111  40.44573481 -121.89011534
111  40.44565300 -121.89010371
111  40.44561099 -121.89010081
111  40.44555792 -121.89011824
111  40.44553139 -121.89013277
111  40.44548053 -121.88987999
111  40.44542746 -121.88967370
111  40.44539209 -121.88957782
111  40.44537440 -121.88945289
111  40.44535228 -121.88935991
111  40.44531912 -121.88923207
111  40.44528816 -121.88912457
111  40.44528374 -121.88902288
111  40.44527489 -121.88896477
111  40.44524615 -121.88894152
111  40.44525499 -121.88889794
111  40.44525499 -121.88883693
111  40.44525499 -121.88879625
111  40.44525278 -121.88870037
111  40.44519971 -121.88871199
111  40.44519087 -121.88883112
111  40.44521961 -121.88892990
111  40.44518645 -121.88902578
111  40.44518866 -121.88897058
111  40.44516212 -121.88893862
111  40.44514001 -121.88893281
111  40.44512232 -121.88893571
111  40.44508473 -121.88897058
111  40.44507810 -121.88896477
111  40.44506262 -121.88897930
111  40.44504493 -121.88899092
111  40.44503388 -121.88895605
111  40.44502503 -121.88886308
111  40.44500955 -121.88883983
112  40.44498081 -121.88882240  40.44497639 -121.88882240
111  40.44492111 -121.88883112
111  40.44489236 -121.88887760
111  40.44485477 -121.88890956
111  40.44484593 -121.88888923
111  40.44487688 -121.88879625
111  40.44487688 -121.88873814
112  40.44486583 -121.88865679  40.44486583 -121.88865098
112  40.44487467 -121.88856672  40.44487467 -121.88855800
112  40.44488573 -121.88848827  40.44488794 -121.88848246
111  40.44491447 -121.88833719
111  40.44492553 -121.88823840
111  40.44492332 -121.88813381
111  40.44493438 -121.88804955
111  40.44493659 -121.88797110
111  40.44491890 -121.88791299
111  40.44492332 -121.88783164
112  40.44494322 -121.88773866  40.44494101 -121.88772414
111  40.44493880 -121.88759920
111  40.44494322 -121.88753819
111  40.44495870 -121.88751204
111  40.44498081 -121.88721859
111  40.44502282 -121.88709074
111  40.44506926 -121.88686121
111  40.44509358 -121.88670141
111  40.44515218 -121.88637321
111  40.44517511 -121.88610712
111  40.44517893 -121.88595148
111  40.44519803 -121.88581091
111  40.44519803 -121.88567033
111  40.44518657 -121.88556490
111  40.44519803 -121.88542432
111  40.44522478 -121.88533395
111  40.44522478 -121.88516325
111  40.44525535 -121.88499757
111  40.44525535 -121.88489213
111  40.44527063 -121.88474151
111  40.44527445 -121.88461600
111  40.44530502 -121.88440513
111  40.44528973 -121.88428464
111  40.44531266 -121.88414908
111  40.44532794 -121.88409887
111  40.44532794 -121.88406373
111  40.44533176 -121.88396834
111  40.44533559 -121.88373739
111  40.44535087 -121.88361689
111  40.44533261 -121.88358454
111  40.44534323 -121.88349040
111  40.44535119 -121.88338929
111  40.44535119 -121.88332653
111  40.44537241 -121.88314174
111  40.44536180 -121.88298833
111  40.44536976 -121.88284887
111  40.44536711 -121.88274079
111  40.44536976 -121.88262922
111  40.44534323 -121.88254554
111  40.44534057 -121.88245140
111  40.44536711 -121.88222826
111  40.44539099 -121.88201907
111  40.44537507 -121.88185869
111  40.44539099 -121.88171922
111  40.44540160 -121.88157279
111  40.44541221 -121.88143332
111  40.44542548 -121.88098704
111  40.44543609 -121.88079180
111  40.44543609 -121.88068023
111  40.44544140 -121.88044314
111  40.44546263 -121.88012935
111  40.44547324 -121.87988529
111  40.44547590 -121.87965866
111  40.44547324 -121.87957150
111  40.44548916 -121.87949479
111  40.44548651 -121.87923330
111  40.44549182 -121.87904851
111  40.44552100 -121.87890556
111  40.44552100 -121.87867893
111  40.44554754 -121.87854295
111  40.44555285 -121.87830587
111  40.44557142 -121.87817338
111  40.44557938 -121.87803391
111  40.44562979 -121.87788399
111  40.44571735 -121.87764690
112  40.44583410 -121.87744119  40.44586860 -121.87732962
111  40.44590575 -121.87713437
111  40.44592697 -121.87685196
111  40.44592167 -121.87663579
111  40.44591636 -121.87643705
111  40.44592963 -121.87630108
111  40.44593493 -121.87622088
111  40.44595881 -121.87615115
111  40.44603841 -121.87605701
111  40.44606760 -121.87601518
111  40.44610740 -121.87596636
111  40.44613659 -121.87593847
111  40.44613128 -121.87603261
111  40.44613659 -121.87610931
111  40.44607556 -121.87611280
112  40.44595085 -121.87646146  40.44595351 -121.87684498
111  40.44595881 -121.87699840
112  40.44588717 -121.87740284  40.44584472 -121.87752487
111  40.44575185 -121.87770269
111  40.44583676 -121.87770617
111  40.44606495 -121.87761901
111  40.44623742 -121.87750046
111  40.44640458 -121.87744468
111  40.44655848 -121.87741330
111  40.44670176 -121.87735054
111  40.44692730 -121.87729475
111  40.44704936 -121.87729475
111  40.44717141 -121.87731567
112  40.44730674 -121.87730173  40.44731470 -121.87729824
111  40.44742879 -121.87726337
111  40.44755881 -121.87719015
111  40.44765964 -121.87709601
111  40.44775781 -121.87701233
112  40.44787191 -121.87653815  40.44785333 -121.87631500
111  40.44781619 -121.87622783
111  40.44778965 -121.87609883
111  40.44768086 -121.87595239
111  40.44788518 -121.87594542
111  40.44782415 -121.87604653
111  40.44782149 -121.87614067
112  40.44791436 -121.87660439  40.44790375 -121.87685195
111  40.44784272 -121.87713088
111  40.44791436 -121.87723548
111  40.44799662 -121.87727034
111  40.44808949 -121.87728080
111  40.44836544 -121.87722153
112  40.44849015 -121.87722153  40.44849280 -121.87721804
111  40.44860955 -121.87722850
111  40.44869181 -121.87720409
111  40.44877406 -121.87724244
112  40.44900491 -121.87790492  40.44898633 -121.87838608
111  40.44900225 -121.87903810
111  40.44898633 -121.87954717
111  40.44894653 -121.87962039
111  40.44895714 -121.87977729
111  40.44893326 -121.87987492
111  40.44891734 -121.88001090
111  40.44886693 -121.88023754
111  40.44882713 -121.88048161
111  40.44863874 -121.88096277
112  40.44864568 -121.88149595  40.44870936 -121.88177209
111  40.44872529 -121.88203569
111  40.44875713 -121.88233276
111  40.44879215 -121.88250849
111  40.44888484 -121.88261947
111  40.44882293 -121.88259042
111  40.44876765 -121.88248291
111  40.44874112 -121.88233182
111  40.44871679 -121.88223593
111  40.44870795 -121.88205869
111  40.44869026 -121.88198315
111  40.44865267 -121.88177104
112  40.44862171 -121.88159961  40.44861950 -121.88158798
112  40.44859297 -121.88148919  40.44858855 -121.88148338
111  40.44854653 -121.88143689
112  40.44830994 -121.88140203  40.44817948 -121.88144561
111  40.44808440 -121.88148919
111  40.44790433 -121.88163088
111  40.44760184 -121.88181079
111  40.44749358 -121.88189865
111  40.44738214 -121.88196978
111  40.44726902 -121.88200873
111  40.44720489 -121.88204360
111  40.44717836 -121.88207556
111  40.44709212 -121.88210171
111  40.44701473 -121.88209590
111  40.44690196 -121.88210171
111  40.44679804 -121.88211914
112  40.44668748 -121.88210171  40.44668306 -121.88210171
112  40.44661672 -121.88210462  40.44661009 -121.88210462
111  40.44654597 -121.88210172
111  40.44644647 -121.88209881
111  40.44632264 -121.88210753
111  40.44615680 -121.88211043
111  40.44603077 -121.88211043
111  40.44588041 -121.88215401
111  40.44580744 -121.88222084
111  40.44579859 -121.88186637
111  40.44588483 -121.88193610
111  40.44594011 -121.88204651
111  40.44601971 -121.88205232
111  40.44606615 -121.88207557
111  40.44618113 -121.88208719
111  40.44628726 -121.88206685
112  40.44634917 -121.88205232  40.44635139 -121.88205232
111  40.44646858 -121.88203779
111  40.44658134 -121.88203198
111  40.44666758 -121.88204942
111  40.44675603 -121.88204070
111  40.44685553 -121.88205522
111  40.44697493 -121.88205232
111  40.44708770 -121.88204360
111  40.44717394 -121.88200873
112  40.44723364 -121.88196225  40.44724469 -121.88195353
111  40.44735525 -121.88191576
111  40.44741937 -121.88189251
111  40.44744812 -121.88185474
111  40.44756752 -121.88177919
111  40.44768914 -121.88169783
112  40.44780633 -121.88161938  40.44781075 -121.88161648
112  40.44788151 -121.88157871  40.44788814 -121.88157289
112  40.44794784 -121.88152641  40.44795226 -121.88152641
111  40.44800754 -121.88148282
111  40.44806061 -121.88145377
111  40.44819991 -121.88134044
112  40.44851390 -121.88095980  40.44857139 -121.88085811
111  40.44870406 -121.88059079
111  40.44877924 -121.88036706
111  40.44883673 -121.88000385
111  40.44888316 -121.87973654
111  40.44889201 -121.87951280
111  40.44891412 -121.87934428
111  40.44891412 -121.87914088
111  40.44891854 -121.87899851
111  40.44892250 -121.87875142
111  40.44890658 -121.87829536
111  40.44889066 -121.87794808
112  40.44866459 -121.87730374  40.44841942 -121.87729955
111  40.44807554 -121.87733303
111  40.44805059 -121.87734756
111  40.44809261 -121.87740277
111  40.44808155 -121.87745216
111  40.44801522 -121.87741148
111  40.44795551 -121.87740858
111  40.44790024 -121.87742601
111  40.44786707 -121.87742310
111  40.44782506 -121.87746378
112  40.44772113 -121.87734465  40.44761278 -121.87735046
111  40.44753097 -121.87737371
111  40.44717940 -121.87746379
111  40.44704673 -121.87746960
111  40.44697818 -121.87748703
111  40.44690964 -121.87751318
111  40.44681456 -121.87755096
111  40.44657796 -121.87763232
111  40.44648731 -121.87768171
111  40.44641434 -121.87769624
111  40.44631705 -121.87771367
111  40.44625513 -121.87773111
111  40.44598525 -121.87778172
111  40.44584462 -121.87777475
111  40.44578625 -121.87783402
112  40.44568011 -121.87800138  40.44563765 -121.87814433
111  40.44562439 -121.87823150
112  40.44556867 -121.87904388  40.44556336 -121.87920426
111  40.44552091 -121.87952851
111  40.44549703 -121.87981790
111  40.44548906 -121.88005499
111  40.44547580 -121.88046989
111  40.44547049 -121.88057449
111  40.44545192 -121.88111142
111  40.44543600 -121.88141823
111  40.44542538 -121.88175295
111  40.44542008 -121.88201095
111  40.44540946 -121.88205976
111  40.44540946 -121.88234915
111  40.44542273 -121.88291397
111  40.44540946 -121.88322079
111  40.44542008 -121.88366010
111  40.44540416 -121.88376818
111  40.44536436 -121.88438181
111  40.44532190 -121.88485947
111  40.44528475 -121.88516280
111  40.44527679 -121.88539292
111  40.44527149 -121.88548357
111  40.44525291 -121.88560908
111  40.44523699 -121.88568927
111  40.44521842 -121.88585663
111  40.44520250 -121.88601352
111  40.44518393 -121.88620877
111  40.44516800 -121.88642842
111  40.44509636 -121.88682938
111  40.44505126 -121.88713968
111  40.44502738 -121.88723382
111  40.44501676 -121.88738722
111  40.44501146 -121.88745695
111  40.44500349 -121.88768358
111  40.44498492 -121.88782304
111  40.44496635 -121.88795902
111  40.44494512 -121.88824143
111  40.44493981 -121.88850292
111  40.44493451 -121.88859705
111  40.44492655 -121.88870862
111  40.44506983 -121.88880276
111  40.44513616 -121.88883414
111  40.44517154 -121.88870998
111  40.44523972 -121.88861313
111  40.44535581 -121.88856470
111  40.44532817 -121.88883346
111  40.44534659 -121.88885283
111  40.44534291 -121.88889399
111  40.44533369 -121.88892304
111  40.44534659 -121.88895936
111  40.44533369 -121.88899568
111  40.44532632 -121.88902231
111  40.44535028 -121.88908284
111  40.44535396 -121.88917243
111  40.44535028 -121.88920633
111  40.44539819 -121.88924749
111  40.44544241 -121.88924991
111  40.44544425 -121.88935886
111  40.44542951 -121.88940245
111  40.44544057 -121.88948477
111  40.44546636 -121.88949929
111  40.44548110 -121.88949929
111  40.44547373 -121.88955740
111  40.44546636 -121.88958646
111  40.44546636 -121.88962036
111  40.44548847 -121.88972689
111  40.44551611 -121.88983827
111  40.44553823 -121.88995933
111  40.44557692 -121.89001260
111  40.44561746 -121.89001260
112  40.44564878 -121.89002712  40.44566353 -121.89003439
111  40.44572065 -121.89005376
112  40.44575566 -121.89004891  40.44576303 -121.89004165
111  40.44578514 -121.89001744
112  40.44579988 -121.88997870  40.44579988 -121.88997143
112  40.44580909 -121.88993512  40.44581094 -121.88992785
112  40.44601731 -121.88991817  40.44608917 -121.89004407
111  40.44623290 -121.89006829
111  40.44630292 -121.89006586
113  40.44636557 -121.89001018
110 3 0.35 0.0000 New Taxiway 12
111  40.44575605 -121.88990888
111  40.44570538 -121.88986449
111  40.44567467 -121.88980598
111  40.44567160 -121.88972124
112  40.44568081 -121.88965869  40.44568849 -121.88965062
112  40.44572995 -121.88957192  40.44573148 -121.88956789
111  40.44574684 -121.88949525
112  40.44581440 -121.88949525  40.44581901 -121.88949525
112  40.44587121 -121.88948516  40.44587889 -121.88948113
111  40.44591421 -121.88945288
112  40.44594185 -121.88941858  40.44594646 -121.88941454
112  40.44598484 -121.88938831  40.44599252 -121.88938428
112  40.44602323 -121.88937822  40.44603091 -121.88937822
112  40.44612151 -121.88941454  40.44612765 -121.88942060
111  40.44616757 -121.88946297
111  40.44616911 -121.88954569
111  40.44619060 -121.88957798
111  40.44625817 -121.88958807
112  40.44629502 -121.88956587  40.44629809 -121.88956184
111  40.44633802 -121.88950736
111  40.44638408 -121.88944683
112  40.44642093 -121.88941454  40.44642400 -121.88941252
111  40.44650232 -121.88938024
111  40.44652228 -121.88938226
111  40.44652535 -121.88949323
111  40.44651921 -121.88960824
111  40.44651306 -121.88967483
111  40.44651306 -121.88970913
111  40.44648277 -121.88969471
111  40.44637794 -121.88978379
111  40.44633821 -121.88981729
111  40.44626849 -121.88983095
111  40.44620202 -121.88983054
111  40.44613764 -121.88972636
111  40.44592663 -121.88968439
111  40.44590836 -121.88981927
113  40.44588350 -121.88984835
110 5 0.35 0.0000 New Taxiway 14
111  40.44686774 -121.89001344
111  40.44681093 -121.89001748
111  40.44682629 -121.88993475
111  40.44682936 -121.88988229
111  40.44684471 -121.88980562
111  40.44684625 -121.88974710
111  40.44684164 -121.88970069
111  40.44682168 -121.88965832
111  40.44677561 -121.88961393
111  40.44672648 -121.88959174
111  40.44670344 -121.88958366
111  40.44668041 -121.88957559
111  40.44667888 -121.88948480
111  40.44667888 -121.88945655
111  40.44673108 -121.88944444
111  40.44676794 -121.88944444
111  40.44681554 -121.88946664
111  40.44683396 -121.88947067
112  40.44688771 -121.88930522  40.44688003 -121.88920837
111  40.44688771 -121.88917406
111  40.44690306 -121.88914178
112  40.44690767 -121.88911353  40.44690767 -121.88910950
111  40.44690306 -121.88908125
111  40.44690153 -121.88905098
111  40.44692456 -121.88903080
111  40.44693992 -121.88910344
111  40.44693684 -121.88915590
111  40.44693377 -121.88925276
111  40.44692610 -121.88926890
111  40.44693377 -121.88932943
112  40.44693531 -121.88937786  40.44693531 -121.88938794
111  40.44692149 -121.88949287
111  40.44688617 -121.88954533
111  40.44687849 -121.88955340
111  40.44686621 -121.88966841
111  40.44686160 -121.88977939
111  40.44685853 -121.88986615
113  40.44685392 -121.88990852
110 3 0.35 0.0000 New Taxiway 13
111  40.44655302 -121.88988229
111  40.44656187 -121.88923436
111  40.44655966 -121.88912394
111  40.44660388 -121.88911232
111  40.44669233 -121.88912394
111  40.44680952 -121.88914138
111  40.44684269 -121.88916753
112  40.44688470 -121.88930699  40.44688912 -121.88940869
111  40.44682721 -121.88946680
112  40.44665253 -121.88939707  40.44665253 -121.88939997
111  40.44663926 -121.88953653
111  40.44668127 -121.88958011
112  40.44679625 -121.88963532  40.44688691 -121.88969924
113  40.44681836 -121.88992006
110 3 0.35 0.0000 New Taxiway 16
111  40.44761968 -121.87711263
111  40.44752294 -121.87699964
111  40.44749069 -121.87689269
111  40.44753061 -121.87685234
111  40.44761200 -121.87673531
111  40.44766113 -121.87669495
111  40.44777476 -121.87667276
111  40.44787764 -121.87673733
111  40.44783311 -121.87692901
113  40.44773945 -121.87707026
110 5 0.35 0.0000 New Taxiway 21
111  40.44985768 -121.88255614
111  40.44966531 -121.88263459
111  40.44956360 -121.88266365
111  40.44950832 -121.88268690
111  40.44950611 -121.88276825
111  40.44945967 -121.88274501
111  40.44938892 -121.88277988
111  40.44935575 -121.88277407
112  40.44943535 -121.88268690  40.44943977 -121.88268109
111  40.44953928 -121.88259682
112  40.44967194 -121.88255614  40.44968300 -121.88255033
112  40.44978471 -121.88252418  40.44979356 -121.88252127
113  40.44986211 -121.88248931
110 3 0.35 0.0000 New Taxiway 25
111  40.44944231 -121.87887965
111  40.44945153 -121.87897166
111  40.44953629 -121.87903462
111  40.44959709 -121.87902009
111  40.44960262 -121.87895471
111  40.44965790 -121.87893292
111  40.44977399 -121.87894019
111  40.44978136 -121.87941478
111  40.44900745 -121.87940267
113  40.44900929 -121.87889418
110 3 0.35 0.0000 New Taxiway 24
111  40.44951007 -121.87970550
111  40.44950393 -121.87980034
111  40.44944405 -121.87986693
111  40.44943023 -121.87998396
111  40.44923521 -121.87996176
111  40.44923061 -121.87987298
111  40.44915383 -121.87986087
111  40.44915229 -121.87970550
111  40.44915383 -121.87959452
111  40.44922600 -121.87958443
111  40.44944558 -121.87961873
113  40.44947936 -121.87962277
110 3 0.35 0.0000 New Taxiway 23
111  40.44978569 -121.88008951
111  40.44980227 -121.88054231
111  40.44904126 -121.88054715
111  40.44901915 -121.88000234
111  40.44944112 -121.88001687
111  40.44936925 -121.88011372
111  40.44936004 -121.88021058
111  40.44936004 -121.88032923
111  40.44941900 -121.88034133
111  40.44943927 -121.88026143
111  40.44947060 -121.88019121
111  40.44959958 -121.88009678
113  40.44972857 -121.88007014
110 5 0.35 0.0000 New Taxiway 20
111  40.44986807 -121.88111583
111  40.44958062 -121.88111292
111  40.44947227 -121.88110130
111  40.44932854 -121.88108968
112  40.44923125 -121.88088047  40.44928653 -121.88073810
111  40.44949659 -121.88082817
111  40.44953860 -121.88096183
113  40.44963811 -121.88104319
111  40.44945595 -121.88094650
112  40.44927721 -121.88091744  40.44922009 -121.88104335
113  40.44951491 -121.88104820
110 5 0.35 0.0000 New Taxiway 19
111  40.44987691 -121.88011919
111  40.44972655 -121.88007270
111  40.44960273 -121.88009595
111  40.44947006 -121.88018312
111  40.44939046 -121.88020636
111  40.44941257 -121.88011338
111  40.44958283 -121.88002040
113  40.44987028 -121.88002912
110 5 0.35 0.0000 New Taxiway 18
111  40.44987912 -121.87952934
111  40.44973318 -121.87950029
111  40.44965358 -121.87961942
111  40.44964032 -121.87972402
111  40.44964032 -121.87983153
111  40.44957398 -121.87981701
111  40.44959831 -121.87964557
111  40.44961821 -121.87957293
111  40.44951870 -121.87961070
111  40.44945016 -121.87961070
111  40.44936171 -121.87961070
111  40.44927105 -121.87959327
111  40.44926884 -121.87946833
113  40.44987691 -121.87942765
110 5 0.35 0.0000 New Taxiway 17
111  40.44986905 -121.87895677
111  40.44965100 -121.87893255
111  40.44960801 -121.87895879
111  40.44959265 -121.87902134
111  40.44953584 -121.87903143
111  40.44945139 -121.87895879
111  40.44944678 -121.87887807
113  40.44987673 -121.87885991
130 Airport Boundary 9
111  40.44562527 -121.88981551
111  40.44546938 -121.88985769
111  40.44535017 -121.88956247
111  40.44524929 -121.88989986
111  40.44509340 -121.88994203
111  40.44504297 -121.88977936
111  40.44502004 -121.88914676
111  40.44474952 -121.88893590
111  40.44495127 -121.88726102
111  40.44522139 -121.88492643
111  40.44530696 -121.88336482
111  40.44535449 -121.88174075
111  40.44535449 -121.87996676
111  40.44546858 -121.87809284
111  40.44557317 -121.87750567
111  40.44580135 -121.87733076
111  40.44638131 -121.87685602
111  40.44667605 -121.87688101
111  40.44651442 -121.87781798
111  40.44633377 -121.87858005
111  40.44594396 -121.88355220
111  40.44561120 -121.88739997
111  40.44546858 -121.88827446
111  40.44566824 -121.88853680
113  40.44573480 -121.88914894
14  40.44554187 -121.88204601   6.56 0 New Tower Viewpoint 1
1300  40.44556118 -121.88944319  87.32 tie_down jets|turboprops|props Ranch
1301 A general_aviation 
1300  40.44779653 -121.87713978 236.27 tie_down jets|turboprops|props Uncle Joe Repairshop
1301 A general_aviation 
1300  40.44710276 -121.88229861  88.15 tie_down jets|turboprops|props Forest Tie-Down
1301 A general_aviation 
1300  40.44854593 -121.88183504  19.67 tie_down jets|turboprops|props North Tie-Down
1301 A general_aviation 

1   3395 0 0 Q45 Finley Farm
100 15.24 3 0 0.25 0 0 0 02  35.10574547 -101.39390091    0    0 1 0 0 0 20  35.11102341 -101.39032465    0    0 1 0 0 0
100 15.24 3 0 0.25 0 0 0 17  35.11098987 -101.39216837    0    0 1 0 0 0 35  35.10577901 -101.39205719    0    0 1 0 0 0
19  35.10572525 -101.39420212 1 WS
19  35.11113059 -101.39191985 1 WS
19  35.10563829 -101.39230569 1 WS
19  35.11104362 -101.39002342 1 WS

1   2700 0 0 Q66 Hermitage
100 18.29 4 0 0.25 0 0 0 09  37.88122457 -120.19803120    0    0 1 0 0 0 27  37.87918319 -120.18901158    0    0 1 0 0 0
19  37.88150724 -120.19814544 1 WS
19  37.87890052 -120.18889737 1 WS

1   1250 0 0 Q75 Hyampom
1302 gui_label 3D
100 24.38 1 1 0.25 0 2 0 14  40.62928899 -123.47099851    0    0 1 0 0 0 32  40.62192349 -123.46605190  221    0 1 0 0 0
110 4 0.25 10.0000 barren_tundra_rock4.pol
111  40.62220117 -123.46608025
111  40.62241299 -123.46553295
111  40.62249495 -123.46558731
111  40.62244004 -123.46573100
111  40.62241472 -123.46571420
113  40.62226504 -123.46612257
110 5 0.25 10.0000 any_cld_dry_fl_tp.pol
111  40.62295787 -123.46660550
111  40.62317713 -123.46607267
111  40.62314413 -123.46605033
111  40.62318949 -123.46593407
111  40.62331216 -123.46601714
111  40.62326960 -123.46612622
111  40.62323406 -123.46610215
113  40.62302296 -123.46665138
110 1 0.25 335.0000 New Taxiway 2
112  40.62912904 -123.47075932  40.62913408 -123.47076235
111  40.62912904 -123.47075932
112  40.62912904 -123.47075932  40.62913263 -123.47075100
111  40.62915316 -123.47069920
111  40.62919558 -123.47059343
111  40.62924843 -123.47046169
111  40.62944637 -123.47059954
111  40.62939348 -123.47073138
111  40.62933861 -123.47086971
113  40.62932784 -123.47089746
110 1 0.25 335.0000 New Taxiway 5
112  40.62769713 -123.46978199  40.62768978 -123.46977671
111  40.62769713 -123.46978199
112  40.62769713 -123.46978199  40.62770364 -123.46976486
112  40.62777032 -123.46959575  40.62778489 -123.46955259
111  40.62777032 -123.46959575
112  40.62777032 -123.46959575  40.62780139 -123.46950362
111  40.62774702 -123.46945884
111  40.62730809 -123.46917736
111  40.62740908 -123.46891763
111  40.62796648 -123.46930786
112  40.62776807 -123.46982792  40.62776293 -123.46984130
111  40.62776807 -123.46982792
114  40.62776807 -123.46982792  40.62776333 -123.46982514
110 1 0.00 0.0000 New Taxiway 6
112  40.62223774 -123.46640412  40.62223141 -123.46640230
111  40.62223774 -123.46640412
112  40.62223774 -123.46640412  40.62222889 -123.46640141
112  40.62220940 -123.46640631  40.62220159 -123.46640617
111  40.62220940 -123.46640631
112  40.62220940 -123.46640631  40.62214117 -123.46640508 20
111  40.62211199 -123.46649187 20
111  40.62203158 -123.46671448 20
111  40.62183115 -123.46657785 20
111  40.62196039 -123.46623883
113  40.62196825 -123.46621611
110 1 0.00 0.0000 New Taxiway 1
111  40.62455782 -123.46794285
111  40.62429129 -123.46865703
111  40.62341109 -123.46807719
111  40.62342953 -123.46802968
112  40.62340853 -123.46798786  40.62337554 -123.46796673
111  40.62340853 -123.46798786
112  40.62340853 -123.46798786  40.62340268 -123.46798405
111  40.62322814 -123.46784796
111  40.62325628 -123.46778391
111  40.62347633 -123.46795752
112  40.62356333 -123.46790358  40.62360043 -123.46780413
111  40.62368615 -123.46759512
112  40.62369485 -123.46738352  40.62363646 -123.46734517
111  40.62369485 -123.46738352
114  40.62369485 -123.46738352  40.62368812 -123.46737735
112  40.62440522 -123.46806294  40.62441063 -123.46803846
111  40.62440522 -123.46806294
112  40.62440522 -123.46806294  40.62442654 -123.46796461 20
111  40.62437201 -123.46794479 20
112  40.62387306 -123.46761189  40.62379204 -123.46756132 20
111  40.62375893 -123.46762109 20
111  40.62369502 -123.46779027 20
113  40.62435496 -123.46821870 20
130 Airport Boundary 8
111  40.62915692 -123.47223241
111  40.62805745 -123.47181502
111  40.62659459 -123.47143438
111  40.62568147 -123.47085743
111  40.62475903 -123.46997359
111  40.62310982 -123.46826730
111  40.62172150 -123.46658555
111  40.62095746 -123.46582446
111  40.62105064 -123.46557895
111  40.62127426 -123.46555439
111  40.62202898 -123.46522296
111  40.62204500 -123.46493338
111  40.62241813 -123.46488377
111  40.62401363 -123.46507566
111  40.62466586 -123.46540710
111  40.62985287 -123.46831778
111  40.63051729 -123.46901605
111  40.63077530 -123.46946820
111  40.63071107 -123.46991307
111  40.63047711 -123.47033088
111  40.63054027 -123.47102474
111  40.63044933 -123.47130184
111  40.63028977 -123.47131836
111  40.63010606 -123.47163820
113  40.62987514 -123.47226181
120 Linear Feature 12
111  40.62446010 -123.46805244 20
116  40.62466510 -123.46789579  40.62477667 -123.46797466
120 Linear Feature 4
111  40.62898912 -123.47081174 20
115  40.62874301 -123.47064223
120 Linear Feature 3
111  40.62927299 -123.47073251 20
116  40.62900590 -123.47082279  40.62880174 -123.47068092
120 Linear Feature 1
111  40.62919558 -123.47059343 54
115  40.62939348 -123.47073138
120 Linear Feature 3
111  40.62446010 -123.46805244 20
111  40.62433596 -123.46837109 20
112  40.62421084 -123.46837987  40.62411015 -123.46830768 20
111  40.62368547 -123.46802168 20
111  40.62368547 -123.46802168 20
116  40.62366583 -123.46774882  40.62374560 -123.46754077
120 Linear Feature 6
111  40.62200838 -123.46642907 20
116  40.62231032 -123.46631227  40.62253260 -123.46646124
120 Linear Feature 3
111  40.62421940 -123.46851245 20
111  40.62423710 -123.46852427 20
115  40.62425435 -123.46853553
120 Linear Feature 3
111  40.62412302 -123.46844672 20
111  40.62414073 -123.46845855 20
115  40.62415797 -123.46846980
120 Linear Feature 3
111  40.62403047 -123.46838648 20
111  40.62404818 -123.46839830 20
115  40.62406542 -123.46840956
120 Linear Feature 3
111  40.62380630 -123.46796597 20
111  40.62378865 -123.46795402 20
115  40.62377145 -123.46794263
120 Linear Feature 3
111  40.62392298 -123.46831209 20
111  40.62394069 -123.46832391 20
115  40.62395793 -123.46833517
120 Linear Feature 3
111  40.62404878 -123.46812427 20
111  40.62403079 -123.46811323 20
115  40.62401327 -123.46810273
120 Linear Feature 3
111  40.62393617 -123.46805302 20
111  40.62391851 -123.46804106 20
115  40.62390131 -123.46802968
120 Linear Feature 3
111  40.62383971 -123.46825272 20
111  40.62385742 -123.46826454 20
115  40.62387466 -123.46827580
120 Linear Feature 3
111  40.62414266 -123.46818284 20
111  40.62412467 -123.46817179 20
115  40.62410715 -123.46816130
120 Linear Feature 3
111  40.62374583 -123.46820342 20
111  40.62376354 -123.46821524 20
115  40.62378078 -123.46822650
120 Linear Feature 3
111  40.62425105 -123.46825726 20
111  40.62423306 -123.46824621 20
115  40.62421554 -123.46823572
120 Linear Feature 3
111  40.62365822 -123.46813882 20
111  40.62367592 -123.46815064 20
115  40.62369317 -123.46816189
120 Linear Feature 2
111  40.62423710 -123.46852427 20
115  40.62422002 -123.46856909
120 Linear Feature 2
111  40.62414073 -123.46845855 20
115  40.62412364 -123.46850336
120 Linear Feature 2
111  40.62404818 -123.46839830 20
115  40.62403109 -123.46844312
120 Linear Feature 2
111  40.62378865 -123.46795402 20
115  40.62380592 -123.46790932
120 Linear Feature 2
111  40.62394069 -123.46832391 20
115  40.62392360 -123.46836873
120 Linear Feature 2
111  40.62403079 -123.46811323 20
115  40.62404674 -123.46806769
120 Linear Feature 2
111  40.62391851 -123.46804106 20
115  40.62393579 -123.46799637
120 Linear Feature 2
111  40.62385742 -123.46826454 20
115  40.62384033 -123.46830936
120 Linear Feature 2
111  40.62412467 -123.46817179 20
115  40.62414063 -123.46812626
120 Linear Feature 2
111  40.62376354 -123.46821524 20
115  40.62374645 -123.46826006
120 Linear Feature 2
111  40.62423306 -123.46824621 20
115  40.62424901 -123.46820068
120 Linear Feature 2
111  40.62367592 -123.46815064 20
115  40.62365883 -123.46819546
120 Linear Feature 11
111  40.62366583 -123.46774882 20
115  40.62373620 -123.46756429
120 Linear Feature 10
111  40.62373620 -123.46756429 20
116  40.62404501 -123.46748140  40.62427914 -123.46762467
20  40.62239165 -123.46552628 60.9700 0 2 {@Y}HIGHLEY_AVIONICS
1300  40.62744161 -123.46910803 333.92 tie_down props New Ramp Start 8
1301 A general_aviation 
1300  40.62930675 -123.47063024 244.55 tie_down props New Ramp Start 9
1301 A general_aviation 
1300  40.62412467 -123.46817179 243.69 tie_down props New Ramp Start 5
1301 A general_aviation 
1300  40.62392405 -123.46803205 244.03 tie_down props New Ramp Start 4
1301 A general_aviation 
1300  40.62423623 -123.46852841  62.46 tie_down props New Ramp Start 3
1301 A general_aviation 
1300  40.62404747 -123.46840232  62.86 tie_down props New Ramp Start 2
1301 A general_aviation 
1300  40.62385628 -123.46827068  64.45 tie_down props New Ramp Start 1
1301 A general_aviation 
1300  40.62320286 -123.46609140 244.50 tie_down props New Ramp Start 7
1301 A general_aviation 
1300  40.62237583 -123.46571821 243.90 tie_down props New Ramp Start 6
1301 A general_aviation 
1054 122800 CTAF

1   7681 0 0 Q13 Jewett Mesa
100 12.19 4 0 0.25 0 0 0 06  34.00118144 -108.68630341    0    0 1 0 0 0 24  34.00558910 -108.66993993    0    0 1 0 0 0
19  34.00130405 -108.68649064 1 WS
19  34.00546647 -108.66975272 1 WS

1      5 0 0 Q51 Kili
100 30.48 5 0 0.25 0 0 0 04  05.64612050  169.11202217    0    0 1 0 0 0 22  05.65387950  169.12131183    0    0 1 0 0 0
19  05.64625931  169.11154524 1 WS
19  05.65374068  169.12178876 1 WS

1     25 0 0 Q80 Lodi Airpark
1302 gui_label 2D
100 6.71 1 0 0.25 0 0 0 07  38.08403856 -121.31841511    0    0 2 0 0 0 25  38.08397858 -121.31199692    0    0 2 0 0 0
130 Airport Boundary 7
111  38.08470470 -121.32180253
111  38.08370327 -121.32178870
111  38.08365429 -121.31224684
111  38.08277804 -121.31226067
111  38.08277804 -121.31051133
113  38.08468837 -121.31062980

1   1316 0 0 Q02 Lofty Redwoods
1302 gui_label 3D
100 12.00 4 0 0.25 0 0 0 13  38.86059086 -123.59239640    0    0 2 0 0 0 31  38.85587633 -123.58702168    0    0 2 0 0 0
110 5 1.00 0.0000 New Taxiway 1
111  38.85806270 -123.58914391
111  38.85800895 -123.58939410
111  38.85774862 -123.58909214
112  38.85815843 -123.58859822  38.85816179 -123.58859175
113  38.85833983 -123.58882253
130 Airport Boundary 8
111  38.86171345 -123.59313701
111  38.86295846 -123.59300819
111  38.86305877 -123.59370531
111  38.86272244 -123.59463733
111  38.86230941 -123.59528141
111  38.86104670 -123.59353861
111  38.85562412 -123.58712071
111  38.85563592 -123.58668124
111  38.85573033 -123.58660547
113  38.85838556 -123.58869675
1300  38.85819773 -123.58887755 219.81 tie_down turboprops|props New Ramp Start 1
1301 A general_aviation 
1200 
1201  38.85792100 -123.58907341 both 0 N_stop
1201  38.85807263 -123.58892812 both 1 N_stop
1201  38.85589311 -123.58703890 both 2 N_stop
1201  38.86057625 -123.59237762 both 3 N_start
1201  38.85784402 -123.58926663 both 4 N_start
1202 3 4 twoway runway 13/31
1204 departure 13,31
1204 arrival 13,31
1204 ils 13,31
1202 0 1 twoway taxiway_A N
1202 4 0 twoway taxiway_A N
1204 departure 13,31
1204 arrival 13,31
1202 4 2 twoway runway 13/31
1204 departure 13,31
1204 arrival 13,31
1204 ils 13,31

1   1534 0 0 Q89 Mac Gillivray
100 6.10 1 0 0.25 0 0 0 04  35.64192635 -120.85497488    0    0 0 0 0 0 22  35.64700333 -120.84501058    0    0 0 0 0 0
110 4 0.00 0.0000 Ramp
111  35.64549512 -120.84795723
111  35.64497202 -120.84897726
111  35.64490974 -120.84892447
111  35.64488483 -120.84843574
111  35.64507581 -120.84808325
113  35.64542316 -120.84791296
130 Airport Boundary 4
111  35.64150651 -120.85501365
111  35.64473754 -120.84876114
111  35.64485655 -120.84800701
111  35.64510052 -120.84786790
111  35.64681421 -120.84452917
111  35.64706413 -120.84441934
111  35.64749850 -120.84472686
113  35.64201824 -120.85548237
1300  35.64517214 -120.84836154 327.78 tie_down props Ramp 3
1301 A general_aviation 
1300  35.64506721 -120.84855522 326.63 tie_down props Ramp 2
1301 A general_aviation 
1300  35.64526966 -120.84816284 327.27 tie_down props Ramp 1
1301 A general_aviation 
19  35.64221235 -120.85468482 1 WS
19  35.64670136 -120.84547337 1 WS

1     40 0 0 Q33 Maine Prairie
1302 gui_label 2D
100 8.00 5 0 0.25 0 0 0 16  38.38358126 -121.82347282    0    0 1 0 0 0 34  38.37863228 -121.82352282    0    0 1 0 0 0
130 Airport Boundary 1
111  38.38398795 -121.82296654
111  38.38398795 -121.82361705
111  38.37825513 -121.82365704
113  38.37825958 -121.82300997

1      5 0 0 Q30 Mejit
100 15.24 5 0 0.25 0 0 0 07  10.28261655  170.87921524    0    0 1 0 0 0 25  10.28404945  170.88745076    0    0 1 0 0 0
19  10.28279525  170.87904157 1 WS
19  10.28387075  170.88762442 1 WS

1   6492 0 0 Q04 Mountainair Muni
1302 city Mountainair
1302 country United States
1302 datum_lat 34.5333333
1302 datum_lon -106.2238889
1302 faa_code M10
1302 state New Mexico
1302 transition_alt 18000
1302 transition_level 18000
100 15.24 4 0 0.25 0 0 0 08  34.53356674 -106.22990762    0    0 0 0 0 0 26  34.53358032 -106.22132368    0    0 0 0 0 0
102 H1  34.53166731 -106.23068500 270.00 16.50 16.50 2 0 0 0.10 1
110 2 0.10 0.0000 Helipad Taxiway
111  34.53159909 -106.23071489
111  34.53152055 -106.23071463
111  34.53147335 -106.23075164
111  34.53147293 -106.23065145
113  34.53159883 -106.23065221
110 1 0.25 270.0000 Helipad Asphalt
111  34.53182256 -106.23118156
112  34.53180669 -106.23129623  34.53175563 -106.23132378
111  34.53180669 -106.23129623
112  34.53180669 -106.23129623  34.53174287 -106.23128246
112  34.53157697 -106.23127825  34.53154860 -106.23128686
111  34.53157697 -106.23127825
112  34.53157697 -106.23127825  34.53153584 -106.23127481
111  34.53152612 -106.23122633
111  34.53152687 -106.23097657
112  34.53150153 -106.23093118  34.53150012 -106.23090536
111  34.53150153 -106.23093118
112  34.53150153 -106.23093118  34.53150153 -106.23090708
112  34.53149832 -106.23086182  34.53148556 -106.23084977
111  34.53149832 -106.23086182
112  34.53149832 -106.23086182  34.53146286 -106.23082739
111  34.53145079 -106.23089289
111  34.53147335 -106.23075164
111  34.53152055 -106.23071463
111  34.53159909 -106.23071489
111  34.53159883 -106.23065221
111  34.53147293 -106.23065145
112  34.53152447 -106.23059818  34.53155993 -106.23058957
111  34.53152447 -106.23059818
112  34.53152447 -106.23059818  34.53152589 -106.23057235
111  34.53152291 -106.23016063
112  34.53154598 -106.23007968  34.53158428 -106.23005730
111  34.53154598 -106.23007968
112  34.53154598 -106.23007968  34.53160839 -106.23004525
112  34.53178580 -106.23005733  34.53184963 -106.22999362
111  34.53178580 -106.23005733
112  34.53178580 -106.23005733  34.53180424 -106.23006593
111  34.53181780 -106.23012257
113  34.53180838 -106.23023980
110 4 0.40 89.8900 Dirt Ramp
111  34.53356503 -106.22275724
112  34.53348245 -106.22253466  34.53347556 -106.22236010
111  34.53348245 -106.22253466
112  34.53348245 -106.22253466  34.53347556 -106.22239597
111  34.53346979 -106.22198217
111  34.53348068 -106.22183817
112  34.53335838 -106.22173082  34.53323427 -106.22167941
111  34.53335838 -106.22173082
112  34.53335838 -106.22173082  34.53324708 -106.22169854
112  34.53307775 -106.22168274  34.53301668 -106.22168394
112  34.53282359 -106.22171213  34.53278123 -106.22170137
111  34.53282359 -106.22171213
112  34.53282359 -106.22171213  34.53280980 -106.22170137
112  34.53271572 -106.22136649  34.53272146 -106.22112039
112  34.53289878 -106.22117180  34.53292012 -106.22117778
111  34.53289878 -106.22117180
112  34.53289878 -106.22117180  34.53302039 -106.22120039
112  34.53315358 -106.22149947  34.53324551 -106.22151541
111  34.53315358 -106.22149947
112  34.53315358 -106.22149947  34.53322992 -106.22149728
112  34.53347342 -106.22117180  34.53357345 -106.22102960
111  34.53347342 -106.22117180
112  34.53347342 -106.22117180  34.53341131 -106.22109179
112  34.53355674 -106.22104865  34.53366502 -106.22107349
111  34.53355674 -106.22104865
112  34.53355674 -106.22104865  34.53357342 -106.22102303
111  34.53358314 -106.22100744
111  34.53364140 -106.22106778
112  34.53364984 -106.22125485  34.53365907 -106.22132900
111  34.53364984 -106.22125485
112  34.53364984 -106.22125485  34.53366352 -106.22143752
111  34.53361916 -106.22152882
111  34.53363028 -106.22186883
112  34.53374816 -106.22219802  34.53374422 -106.22251965
111  34.53374816 -106.22219802
112  34.53374816 -106.22219802  34.53370482 -106.22242878
113  34.53360731 -106.22260554
110 4 0.40 47.6700 Dirt Turnaround
111  34.53419319 -106.22035194
111  34.53364140 -106.22106778
111  34.53358314 -106.22100744
111  34.53413961 -106.22024051
112  34.53441423 -106.21998677  34.53462009 -106.22017210
111  34.53441423 -106.21998677
114  34.53441423 -106.21998677  34.53448613 -106.22021275
110 4 0.40 89.8900 08 Turnaround
112  34.53361139 -106.22971670  34.53362288 -106.22973463
111  34.53361139 -106.22971670
112  34.53361139 -106.22971670  34.53367049 -106.22983029
112  34.53363331 -106.23122133  34.53364294 -106.23176302
111  34.53363331 -106.23122133
112  34.53363331 -106.23122133  34.53361560 -106.23126821
112  34.53357045 -106.23161938  34.53334843 -106.23164774
111  34.53357045 -106.23161938
112  34.53357045 -106.23161938  34.53348655 -106.23161786
112  34.53348425 -106.23128091  34.53348721 -106.23106211
111  34.53348425 -106.23128091
112  34.53348425 -106.23128091  34.53348425 -106.23124504
112  34.53351208 -106.22970853  34.53356116 -106.22964237
111  34.53351208 -106.22970853
114  34.53351208 -106.22970853  34.53353949 -106.22968541
130 Airport Boundary
111  34.53469711 -106.23187959
111  34.53072432 -106.23191948
111  34.53070789 -106.21429945
113  34.53476449 -106.21428196
14  34.53276262 -106.22693544  82.02 0 Tower Viewpoint
1300  34.53290925 -106.22163377  11.43 tie_down props Hangar
1301 A general_aviation 
1300  34.53299966 -106.22142294  -8.96 tie_down props Hangar
1301 A general_aviation 
18  34.53154011 -106.23063112 3 Airport Beacon
19  34.53205224 -106.23070030 1 Helipad Windsock
19  34.53328465 -106.22186454 0 Hangars Windsock
51 12290 CTAF

1     22 0 0 Q96 Natomas Field
100 9.14 1 0 0.25 0 2 0 16  38.64193094 -121.51556459    0    0 2 0 0 0 34  38.63454294 -121.51490319    0    0 2 0 0 0
110 1 0.30 176.0000 Default taxiway for RWY 16
111  38.64192823 -121.51561427 3 102
111  38.64191372 -121.51587989 3 102
111  38.63452572 -121.51521838 3 102
111  38.63454023 -121.51495279
112  38.63462232 -121.51496014  38.63458112 -121.51495934 3 102
111  38.63457768 -121.51502240 3 102
112  38.63457308 -121.51510647  38.63456964 -121.51516952 3 102
111  38.63461068 -121.51517319 3 102
111  38.63820207 -121.51549475 3 102
111  38.63821371 -121.51528169
111  38.63825475 -121.51528536 3 102
111  38.63824311 -121.51549842 3 102
112  38.64183450 -121.51581999  38.64187555 -121.51582367 3 102
111  38.64187899 -121.51576061 3 102
112  38.64188359 -121.51567653  38.64188703 -121.51561347 3 102
113  38.64184614 -121.51560692
120 Default hold RWY 16 (near)
111  38.64192233 -121.51572224 4
115  38.64188129 -121.51571857
120 Default hold RWY 16 (centre)
111  38.63824885 -121.51539333 4
115  38.63820781 -121.51538966
120 Default hold RWY 16 (far)
111  38.63457538 -121.51506443 4
115  38.63453433 -121.51506075
18  38.63825703 -121.51486604 1 BCN
19  38.64202164 -121.51541429 1 WS
19  38.63445224 -121.51505347 1 WS

1    939 1 0 Q69 Ocean Ridge
100 15.24 1 0 0.25 0 1 0 13  38.80454233 -123.53308132  122    0 1 0 0 0 31  38.79894105 -123.52795288   92    0 1 0 0 0
110 1 0.00 145.0000 New Taxiway 11
111  38.80150081 -123.53084841
112  38.80158055 -123.53076952  38.80157026 -123.53078410
112  38.80168042 -123.53064137  38.80167825 -123.53062331
111  38.80124432 -123.53025266
111  38.80044037 -123.52951154
111  38.79912209 -123.52827280
112  38.79887908 -123.52804001  38.79887362 -123.52802401
111  38.79896230 -123.52788837
112  38.79906384 -123.52774314  38.79907007 -123.52774314
112  38.79926690 -123.52777518  38.79928249 -123.52778218
112  38.79954820 -123.52803360  38.79957003 -123.52805361
111  38.80076661 -123.52913138
112  38.80202663 -123.53031248  38.80203160 -123.53031075
112  38.80225633 -123.52981911  38.80226400 -123.52981216
112  38.80234301 -123.52978414  38.80235203 -123.52978356
112  38.80278731 -123.52994299  38.80278821 -123.52994588
111  38.80265914 -123.53044918
112  38.80257758 -123.53078914  38.80257823 -123.53080998
111  38.80259090 -123.53086353
112  38.80266249 -123.53097239  38.80265944 -123.53097658
112  38.80263085 -123.53098741  38.80263346 -123.53099327
112  38.80322007 -123.53158972  38.80323361 -123.53160419
112  38.80372941 -123.53216427  38.80374078 -123.53217607
112  38.80460660 -123.53299511  38.80460691 -123.53300315
112  38.80448176 -123.53323006  38.80447737 -123.53323006
112  38.80431198 -123.53308482  38.80430875 -123.53308179
112  38.80424540 -123.53295667  38.80424132 -123.53295105
111  38.80424540 -123.53295667
112  38.80424540 -123.53295667  38.80424132 -123.53295105
112  38.80341815 -123.53219417  38.80339975 -123.53218653
112  38.80323135 -123.53213556  38.80319779 -123.53213626
111  38.80309191 -123.53222833
112  38.80299870 -123.53216426  38.80296838 -123.53216148
112  38.80261656 -123.53229123  38.80259761 -123.53226483
112  38.80278647 -123.53190411  38.80278756 -123.53187494
112  38.80273677 -123.53179880  38.80271404 -123.53179116
112  38.80264892 -123.53183143  38.80263755 -123.53185088
111  38.80248375 -123.53218320
111  38.80225439 -123.53201488
112  38.80242234 -123.53166567  38.80242938 -123.53166358
112  38.80251021 -123.53173502  38.80251942 -123.53173433
112  38.80252409 -123.53173502  38.80253004 -123.53172877
112  38.80254374 -123.53168607  38.80253995 -123.53167010
112  38.80233683 -123.53149177  38.80232492 -123.53149108
112  38.80229869 -123.53151402  38.80228840 -123.53152861
111  38.80207402 -123.53190993
111  38.80201049 -123.53185165
111  38.80224971 -123.53142022
112  38.80214671 -123.53132702  38.80213805 -123.53132355
112  38.80206288 -123.53134642  38.80205097 -123.53135406
112  38.80198659 -123.53141465  38.80198064 -123.53142576
112  38.80183979 -123.53168607  38.80183330 -123.53168746
111  38.80176582 -123.53162823
112  38.80161060 -123.53149734  38.80161060 -123.53149039
112  38.80183103 -123.53108457  38.80182507 -123.53107276
112  38.80178037 -123.53102766  38.80177279 -123.53102280
112  38.80158318 -123.53087179  38.80157507 -123.53087179
113  38.80157360 -123.53090959
112  38.80259558 -123.53161284  38.80260686 -123.53161718
111  38.80259558 -123.53161284
112  38.80259558 -123.53161284  38.80260498 -123.53161526
112  38.80270583 -123.53159439  38.80272726 -123.53154953
111  38.80270583 -123.53159439
112  38.80270583 -123.53159439  38.80271223 -123.53157606
112  38.80266269 -123.53149597  38.80263074 -123.53146607
112  38.80174831 -123.53068898  38.80173578 -123.53068697
112  38.80172057 -123.53070678  38.80171430 -123.53071441
112  38.80167317 -123.53076647  38.80166972 -123.53078013
112  38.80168188 -123.53080261  38.80168902 -123.53081274
112  38.80175987 -123.53086548  38.80181137 -123.53090214
112  38.80213554 -123.53123480  38.80216223 -123.53125844
114  38.80253663 -123.53157742  38.80255806 -123.53159431
112  38.80195072 -123.53058738  38.80195510 -123.53058657
112  38.80198734 -123.53051049  38.80198734 -123.53050408
112  38.80197402 -123.53046350  38.80196212 -123.53046390
114  38.80188247 -123.53052330  38.80188780 -123.53053335
111  38.80205392 -123.53068990
111  38.80240845 -123.53100600
112  38.80281626 -123.53138831  38.80282592 -123.53139607
112  38.80283456 -123.53137763  38.80283864 -123.53136910
112  38.80280960 -123.53132637  38.80280597 -123.53132191
111  38.80224034 -123.53071766
112  38.80207389 -123.53058311  38.80206230 -123.53058351
114  38.80203061 -123.53066640  38.80203625 -123.53067926
112  38.80183864 -123.53048410  38.80185054 -123.53048571
112  38.80192852 -123.53040080  38.80193792 -123.53038633
112  38.80193185 -123.53035382  38.80192559 -123.53034537
111  38.80135094 -123.52982628
111  38.80084827 -123.52933931
112  38.79974637 -123.52834405  38.79972617 -123.52832676
112  38.79952167 -123.52813688  38.79951634 -123.52814452
112  38.79974138 -123.52847646  38.79972679 -123.52845774
114  38.79993612 -123.52874984  38.79996755 -123.52878584
130 Airport Boundary 1
111  38.79886053 -123.52807432
111  38.79909510 -123.52766712
111  38.79944465 -123.52776154
111  38.80191912 -123.53008084
111  38.80247565 -123.52964413
111  38.80274242 -123.52983888
111  38.80326215 -123.53079492
111  38.80316096 -123.53127294
111  38.80465576 -123.53296085
111  38.80449478 -123.53332086
111  38.80411763 -123.53300807
111  38.80353811 -123.53238838
111  38.80265963 -123.53265986
111  38.80044272 -123.53111954
111  38.80057610 -123.53086578
111  38.80054391 -123.53065332
113  38.80072788 -123.52985072
120 Linear Feature 6
111  38.80125185 -123.53041283 20
111  38.80122218 -123.53038325 20
115  38.80124327 -123.53035122
120 Linear Feature 5
111  38.80130452 -123.53046460 20
111  38.80133678 -123.53049613 20
115  38.80135877 -123.53045943
120 Linear Feature 4
112  38.80130668 -123.53046080  38.80132205 -123.53043285 20
112  38.80129985 -123.53040327  38.80129045 -123.53039423 20
112  38.80125394 -123.53040984  38.80123729 -123.53043532 20
114  38.80126270 -123.53047038  38.80126825 -123.53047504 20
14  38.80261443 -123.53154593  82.02 0 New Tower Viewpoint 292
1300  38.80236678 -123.53052279 189.96 tie_down jets|turboprops|props Large Hangar
1301 B general_aviation 
1300  38.80190198 -123.53114860  17.31 tie_down jets|turboprops|props Medium Hangar
1301 A general_aviation 
1300  38.80210005 -123.53178249  55.59 tie_down jets|turboprops|props Small Hangar
1301 A general_aviation 
19  38.80262109 -123.53046214 0 New Windsock 1
19  38.80128114 -123.53043910 1 WS
54 12880 unnamed entity
1200 
1201  38.80286231 -123.53173682 both 0 A_stop
1201  38.79933210 -123.52828236 both 1 A_stop
1201  38.79936577 -123.52809512 both 2 A_stop
1201  38.79929843 -123.52784188 both 3 A_stop
1201  38.79913660 -123.52782868 both 4 A_stop
1201  38.79906832 -123.52786348 both 5 A_stop
1201  38.79908890 -123.52809272 both 6 A_stop
1201  38.79936956 -123.52833842 both 7 A_stop
1201  38.79935232 -123.52832319 both 8 unnamed entity(split)
1201  38.79943302 -123.52799667 both 9 A_stop
1201  38.79954401 -123.52808481 both 10 A_stop
1201  38.80187954 -123.53049065 both 11 A_stop
1201  38.80199336 -123.53038983 both 12 A_stop
1201  38.80199627 -123.53061509 both 13 A_stop
1201  38.80209460 -123.53051139 both 14 A_stop
1201  38.80432875 -123.53305667 both 15 A_stop
1201  38.80442416 -123.53314309 both 16 A_stop
1201  38.80448702 -123.53315749 both 17 A_stop
1201  38.80452406 -123.53305379 both 18 A_stop
1201  38.80449824 -123.53292992 both 19 A_stop
1201  38.80438824 -123.53287086 both 20 A_stop
1201  38.80433023 -123.53288480 both 21 A_stop
1201  38.80296119 -123.53163386 both 22 A_stop
1201  38.80179003 -123.53056236 both 23 A_stop
1201  38.80195035 -123.53071059 both 24 unnamed entity(split)
1201  38.79966153 -123.52862097 both 25 A_stop
1201  38.79962990 -123.52858609 both 26 A_stop
1201  38.79958145 -123.52853925 both 27 A_stop
1201  38.80225516 -123.53064758 both 28 A_stop
1201  38.80234918 -123.53052694 both 29 A_start
1201  38.80194450 -123.53114084 both 30 A_stop
1201  38.80167377 -123.53070832 both 31 A_stop
1201  38.80162674 -123.53077984 both 32 A_stop
1201  38.80163220 -123.53083985 both 33 A_stop
1201  38.80188305 -123.53106142 both 34 A_stop
1201  38.80228472 -123.53143000 both 35 A_stop
1201  38.80228017 -123.53140166 both 36 A_stop
1201  38.80215415 -123.53129831 both 37 A_stop
1201  38.80201775 -123.53118495 both 38 A_stop
1201  38.80191788 -123.53109422 both 39 unnamed entity(split)
1201  38.80193980 -123.53115744 both 40 A_start
1201  38.80263744 -123.53171340 both 41 A_stop
1201  38.80235357 -123.53147251 both 42 A_stop
1201  38.80233539 -123.53145251 both 43 A_stop
1201  38.80230291 -123.53145167 both 44 A_stop
1201  38.80227887 -123.53145917 both 45 A_stop
1201  38.80210479 -123.53177424 both 46 A_start
1202 13 24 twoway taxiway_B A
1204 departure 13,31
1204 arrival 13,31
1202 23 11 twoway taxiway_B A
1204 departure 13,31
1204 arrival 13,31
1202 31 23 twoway taxiway_B A
1204 departure 13,31
1204 arrival 13,31
1202 0 22 twoway taxiway_B A
1204 departure 13,31
1204 arrival 13,31
1202 41 0 twoway taxiway_B A
1204 departure 13,31
1204 arrival 13,31
1202 1 8 twoway taxiway_B A
1204 departure 13,31
1204 arrival 13,31
1202 2 1 twoway taxiway_B A
1204 departure 13,31
1204 arrival 13,31
1202 3 2 twoway taxiway_B A
1204 departure 13,31
1204 arrival 13,31
1202 4 3 twoway taxiway_B A
1204 departure 13,31
1204 arrival 13,31
1202 5 4 twoway taxiway_B A
1204 departure 13,31
1204 arrival 13,31
1202 6 5 twoway taxiway_B A
1204 departure 13,31
1204 arrival 13,31
1202 7 8 twoway runway 13/31
1204 departure 13,31
1204 arrival 13,31
1204 ils 13,31
1202 8 6 twoway runway 13/31
1204 departure 13,31
1204 arrival 13,31
1204 ils 13,31
1202 9 7 twoway taxiway_B A
1204 departure 13,31
1204 arrival 13,31
1202 10 9 twoway taxiway_B A
1202 12 10 twoway taxiway_B A
1202 12 11 twoway taxiway_B A
1204 departure 13,31
1204 arrival 13,31
1202 14 12 twoway taxiway_B A
1202 14 13 twoway taxiway_B A
1204 departure 13,31
1204 arrival 13,31
1202 28 14 twoway taxiway_B A
1202 29 28 twoway taxiway_B A
1202 22 21 twoway runway 13/31
1204 departure 13,31
1204 arrival 13,31
1204 ils 13,31
1202 15 21 twoway taxiway_B A
1204 departure 13,31
1204 arrival 13,31
1202 16 15 twoway taxiway_B A
1204 departure 13,31
1204 arrival 13,31
1202 17 16 twoway taxiway_B A
1204 departure 13,31
1204 arrival 13,31
1202 18 17 twoway taxiway_B A
1204 departure 13,31
1204 arrival 13,31
1202 19 18 twoway taxiway_B A
1204 departure 13,31
1204 arrival 13,31
1202 20 19 twoway taxiway_B A
1204 departure 13,31
1204 arrival 13,31
1202 21 20 twoway taxiway_B A
1204 departure 13,31
1204 arrival 13,31
1202 23 24 twoway runway 13/31
1204 departure 13,31
1204 arrival 13,31
1204 ils 13,31
1202 24 22 twoway runway 13/31
1204 departure 13,31
1204 arrival 13,31
1204 ils 13,31
1202 25 23 twoway runway 13/31
1204 departure 13,31
1204 arrival 13,31
1204 ils 13,31
1202 26 25 twoway runway 13/31
1204 departure 13,31
1204 arrival 13,31
1204 ils 13,31
1202 27 26 twoway runway 13/31
1204 departure 13,31
1204 arrival 13,31
1204 ils 13,31
1202 7 27 twoway runway 13/31
1204 departure 13,31
1204 arrival 13,31
1204 ils 13,31
1202 30 39 twoway taxiway_B A
1202 40 30 twoway taxiway_B A
1202 32 31 twoway taxiway_B A
1202 33 32 twoway taxiway_B A
1202 34 33 twoway taxiway_B A
1202 38 39 twoway taxiway_B A
1202 39 34 twoway taxiway_B A
1202 35 45 twoway taxiway_B A
1202 36 35 twoway taxiway_B A
1202 37 36 twoway taxiway_B A
1202 38 37 twoway taxiway_B A
1202 40 38 twoway taxiway_B A
1202 42 41 twoway taxiway_B A
1202 43 42 twoway taxiway_B A
1202 44 43 twoway taxiway_B A
1202 45 44 twoway taxiway_B A
1202 46 45 twoway taxiway_B A

1   2080 0 0 Q79 Paul Hoberg
1302 gui_label 2D
100 25.00 3 0 0.25 0 0 0 14  38.87542847 -122.67962906    0    0 2 0 0 0 32  38.86713458 -122.67480125    0    0 2 0 0 0
130 Airport Boundary 4
111  38.87482785 -122.67977528
111  38.87429453 -122.67938140
111  38.87420119 -122.67927008
111  38.87409453 -122.67927008
111  38.87357454 -122.67897895
111  38.87320590 -122.67882440
111  38.87328788 -122.67857650
111  38.87038227 -122.67693513
111  38.86993840 -122.67701481
111  38.86944772 -122.67677191
111  38.86693465 -122.67522870
111  38.86709465 -122.67335361
111  38.86773464 -122.67416700
111  38.86847463 -122.67470641
111  38.86908795 -122.67483484
111  38.86980127 -122.67528863
111  38.86992793 -122.67600784
111  38.87569450 -122.67924447
113  38.87565450 -122.68017782

1    148 0 0 Q36 Red Top
100 16.76 1 0 0.25 0 0 0 07  37.08011804 -120.47177301    0    0 2 0 0 0 25  37.08088306 -120.46081255    0    0 2 0 0 0
110 1 0.30 85.0000 Default taxiway for RWY 07
111  37.08004514 -120.47176501 3
111  37.07966717 -120.47172353 3
111  37.08043269 -120.46076318 3
111  37.08081066 -120.46080466
112  37.08079751 -120.46099304  37.08080185 -120.46089860 3
111  37.08071167 -120.46088871 3
112  37.08059144 -120.46087551  37.08050127 -120.46086562 3
111  37.08049469 -120.46095981 3
111  37.08012837 -120.46620451 3
111  37.08043119 -120.46623774
111  37.08042461 -120.46633193 3
111  37.08012179 -120.46629870 3
112  37.07975548 -120.47154340  37.07974890 -120.47163759 3
111  37.07983907 -120.47164748 3
112  37.07995930 -120.47166068  37.08004948 -120.47167057 3
113  37.08005830 -120.47157663
120 Default hold RWY 07 (near)
111  37.07989261 -120.47174827 4
115  37.07989919 -120.47165408
120 Default hold RWY 07 (centre)
111  37.08027208 -120.46631519 4
115  37.08027866 -120.46622100
120 Default hold RWY 07 (far)
111  37.08065156 -120.46088211 4
115  37.08065813 -120.46078792
19  37.08032895 -120.47198598 1 WS
19  37.08067213 -120.46059961 1 WS

1   6360 0 0 Q16 Reserve
100 15.24 1 0 0.25 0 2 0 06  33.69802041 -108.85814699    0    0 2 0 0 0 24  33.70208903 -108.84309579    0    0 2 0 0 0
110 1 0.30 72.0000 Default taxiway for RWY 06
111  33.69795733 -108.85812235 3 102
111  33.69762911 -108.85799413 3 102
111  33.70169864 -108.84294364 3 102
111  33.70202686 -108.84307186
112  33.70198447 -108.84322864  33.70200353 -108.84314941 3 102
111  33.70192527 -108.84311884 3 102
112  33.70182093 -108.84307808  33.70174267 -108.84304750 3 102
111  33.70172147 -108.84312589 3 102
111  33.69973969 -108.85045517 3 102
111  33.70000269 -108.85055791
111  33.69998150 -108.85063630 3 102
111  33.69971850 -108.85053356 3 102
112  33.69773672 -108.85786283  33.69771553 -108.85794122 3 102
111  33.69779379 -108.85797179 3 102
112  33.69789813 -108.85801255  33.69797639 -108.85804312 3 102
113  33.69799972 -108.85796557
120 Default hold RWY 06 (near)
111  33.69782476 -108.85807056 4
115  33.69784596 -108.85799217
120 Default hold RWY 06 (centre)
111  33.69984893 -108.85058451 4
115  33.69987012 -108.85050612
120 Default hold RWY 06 (far)
111  33.70187310 -108.84309846 4
115  33.70189429 -108.84302007
18  33.70051125 -108.85079987 1 BCN
19  33.69817367 -108.85838020 1 WS
19  33.70193574 -108.84286260 1 WS

1     43 0 0 Q94 Rio Linda
1302 city Rio Linda
1302 country United States
1302 datum_lat 
1302 datum_lon 
1302 faa_code L36
1302 iata_code 
1302 icao_code 
1302 region_code 
1302 state California
1302 transition_alt 
1302 transition_level 
100 12.19 1 0 0.25 0 1 0 17  38.67859200 -121.44513100    0    0 2 0 0 0 35  38.67140000 -121.44576700    0    0 2 0 0 0
110 2 0.00 0.0000 New Taxiway 3
111  38.67531481 -121.44477333
111  38.67527869 -121.44470219
111  38.67539457 -121.44469664
113  38.67536918 -121.44476882
110 2 0.00 0.0000 New Taxiway 2
111  38.67352771 -121.44483581
111  38.67352995 -121.44500265
111  38.67347590 -121.44500853
113  38.67346912 -121.44484255
110 2 0.00 0.0000 New Taxiway 2
111  38.67335204 -121.44479966
111  38.67335274 -121.44485117
111  38.67335773 -121.44502472
111  38.67329486 -121.44502938
113  38.67329486 -121.44480565
110 1 0.00 0.0000 A
111  38.67662924 -121.44473385
111  38.67665511 -121.44451016
111  38.67683944 -121.44405036
111  38.67654839 -121.44352013
111  38.67661630 -121.44350771
111  38.67682004 -121.44379353
111  38.67742650 -121.44378000
111  38.67747368 -121.44377895
111  38.67747555 -121.44351765
111  38.67754721 -121.44322757
111  38.67765504 -121.44329021
111  38.67765504 -121.44332819
111  38.67763503 -121.44336430
111  38.67759779 -121.44334907
111  38.67760186 -121.44343154
111  38.67762313 -121.44348906
111  38.67774063 -121.44349044
111  38.67779518 -121.44345246
111  38.67795495 -121.44358760
111  38.67799377 -121.44350328
111  38.67833417 -121.44360089
111  38.67833730 -121.44364578
111  38.67851516 -121.44365959
111  38.67854265 -121.44362852
111  38.67856878 -121.44359569
111  38.67866639 -121.44359565
111  38.67891563 -121.44361540
111  38.67919818 -121.44362368
111  38.67923903 -121.44384323
111  38.67977910 -121.44385980
111  38.67979565 -121.44391219
111  38.67981643 -121.44392686
111  38.67986243 -121.44390494
111  38.67991820 -121.44393174
111  38.67991093 -121.44407482
111  38.67999700 -121.44409019
111  38.68000378 -121.44448973
111  38.67991026 -121.44449056
111  38.67987432 -121.44470344
111  38.67981439 -121.44470964
111  38.67984333 -121.44449116
111  38.67980224 -121.44447776
111  38.67971261 -121.44449756
111  38.67968208 -121.44461373
111  38.67969050 -121.44471945
111  38.67962822 -121.44472391
111  38.67958829 -121.44458473
111  38.67944277 -121.44460544
111  38.67945570 -121.44473800
111  38.67930371 -121.44475011
111  38.67936515 -121.44454331
111  38.67919052 -121.44459301
111  38.67919480 -121.44475918
111  38.67908703 -121.44476594
111  38.67908703 -121.44457230
111  38.67888976 -121.44456671
111  38.67890591 -121.44477941
111  38.67883042 -121.44478423
111  38.67882832 -121.44455987
111  38.67865368 -121.44458473
111  38.67867309 -121.44471729
111  38.67872662 -121.44479290
111  38.67854705 -121.44480427
111  38.67855343 -121.44458473
111  38.67840467 -121.44462201
111  38.67842591 -121.44479762
111  38.67828595 -121.44480732
111  38.67827531 -121.44462201
111  38.67811685 -121.44456816
111  38.67812558 -121.44474628
111  38.67799684 -121.44468620
113  38.67779247 -121.44464093
111  38.67726842 -121.44428503
111  38.67718502 -121.44428503
111  38.67717528 -121.44441405
113  38.67724892 -121.44441683
111  38.67774266 -121.44461621
111  38.67775046 -121.44451433
111  38.67768496 -121.44450234
113  38.67767872 -121.44461022
110 1 0.00 0.0000 M
111  38.67317954 -121.44556570
111  38.67271275 -121.44562155
112  38.67284080 -121.44532765  38.67290382 -121.44522141
111  38.67284080 -121.44532765
112  38.67284080 -121.44532765  38.67286164 -121.44529253
112  38.67289737 -121.44525504  38.67291609 -121.44523146
111  38.67289737 -121.44525504
112  38.67289737 -121.44525504  38.67297275 -121.44516015
111  38.67319363 -121.44503766
111  38.67329486 -121.44502938
111  38.67335773 -121.44502472
111  38.67335274 -121.44485117
111  38.67346912 -121.44484255
111  38.67347590 -121.44500853
111  38.67352995 -121.44500265
111  38.67352771 -121.44483581
111  38.67357053 -121.44483414
111  38.67357711 -121.44499690
111  38.67375229 -121.44499115
111  38.67373432 -121.44482143
111  38.67385121 -121.44478905
111  38.67398460 -121.44477387
111  38.67411778 -121.44477982
111  38.67411921 -121.44494103
111  38.67413801 -121.44494263
111  38.67413552 -121.44477552
111  38.67423986 -121.44477320
111  38.67424644 -121.44493289
111  38.67428510 -121.44492553
111  38.67428972 -121.44476235
111  38.67433815 -121.44475963
111  38.67434164 -121.44492560
111  38.67442437 -121.44491759
111  38.67442240 -121.44475414
111  38.67447143 -121.44475813
111  38.67447606 -121.44491066
111  38.67453827 -121.44490514
111  38.67454031 -121.44474148
111  38.67459034 -121.44473821
111  38.67459892 -121.44490659
111  38.67467493 -121.44490317
111  38.67467918 -121.44473028
111  38.67472244 -121.44473238
111  38.67473424 -121.44489758
111  38.67479075 -121.44489410
111  38.67479955 -121.44471112
111  38.67484058 -121.44471108
111  38.67485121 -121.44488652
111  38.67492730 -121.44488541
111  38.67493361 -121.44471681
111  38.67497489 -121.44471406
111  38.67498434 -121.44487722
111  38.67506147 -121.44487150
111  38.67507106 -121.44471167
111  38.67510890 -121.44471234
111  38.67512092 -121.44486749
111  38.67518722 -121.44486173
111  38.67517747 -121.44469802
111  38.67522923 -121.44469543
111  38.67523619 -121.44485748
111  38.67531392 -121.44485038
111  38.67531481 -121.44477333
111  38.67536918 -121.44476882
111  38.67538101 -121.44484418
111  38.67544137 -121.44483376
111  38.67543733 -121.44467629
111  38.67547628 -121.44467542
111  38.67549030 -121.44482698
111  38.67552719 -121.44482329
111  38.67553587 -121.44467772
111  38.67556720 -121.44467579
111  38.67557846 -121.44481624
111  38.67562071 -121.44481042
111  38.67562889 -121.44467779
111  38.67567287 -121.44467610
111  38.67568378 -121.44480673
111  38.67572207 -121.44480299
111  38.67573183 -121.44467409
111  38.67576302 -121.44467328
111  38.67576901 -121.44479840
112  38.67580526 -121.44476229  38.67581278 -121.44475266
111  38.67580494 -121.44466608
111  38.67632372 -121.44463731
111  38.67631923 -121.44475812
111  38.67640403 -121.44475138
111  38.67640135 -121.44465057
111  38.67643777 -121.44464589
111  38.67644303 -121.44474828
111  38.67652982 -121.44474137
111  38.67651869 -121.44457215
111  38.67654679 -121.44457761
111  38.67656228 -121.44474109
111  38.67779247 -121.44464093
112  38.67799684 -121.44468620  38.67802543 -121.44470284
111  38.67799684 -121.44468620
112  38.67799684 -121.44468620  38.67800982 -121.44469375
112  38.67812558 -121.44474628  38.67818516 -121.44477247
111  38.67812558 -121.44474628
112  38.67812558 -121.44474628  38.67819728 -121.44477780
112  38.67828595 -121.44480732  38.67829802 -121.44480550
111  38.67828595 -121.44480732
112  38.67828595 -121.44480732  38.67830805 -121.44480399
112  38.67844151 -121.44479263  38.67845710 -121.44478764
112  38.67846621 -121.44480611  38.67848181 -121.44482276
111  38.67846621 -121.44480611
112  38.67846621 -121.44480611  38.67846881 -121.44480889
112  38.67854705 -121.44480427  38.67861346 -121.44480066
111  38.67854705 -121.44480427
112  38.67854705 -121.44480427  38.67859479 -121.44480168
112  38.67872662 -121.44479290  38.67879694 -121.44478806
111  38.67872662 -121.44479290
112  38.67872662 -121.44479290  38.67876105 -121.44479053
112  38.67883042 -121.44478423  38.67886850 -121.44478148
111  38.67883042 -121.44478423
112  38.67883042 -121.44478423  38.67886025 -121.44478207
112  38.67890591 -121.44477941  38.67893735 -121.44477708
111  38.67890591 -121.44477941
112  38.67890591 -121.44477941  38.67895955 -121.44477543
112  38.67908703 -121.44476594  38.67914375 -121.44476161
111  38.67908703 -121.44476594
112  38.67908703 -121.44476594  38.67912444 -121.44476308
112  38.67919480 -121.44475918  38.67923248 -121.44475627
111  38.67919480 -121.44475918
112  38.67919480 -121.44475918  38.67922899 -121.44475654
112  38.67930371 -121.44475011  38.67933728 -121.44474746
111  38.67930371 -121.44475011
112  38.67930371 -121.44475011  38.67935627 -121.44474596
112  38.67945570 -121.44473800  38.67950488 -121.44473401
111  38.67945570 -121.44473800
112  38.67945570 -121.44473800  38.67951795 -121.44473295
112  38.67962822 -121.44472391  38.67963196 -121.44472353
111  38.67962822 -121.44472391
112  38.67962822 -121.44472391  38.67962939 -121.44472360
112  38.67969050 -121.44471945  38.67972251 -121.44471677
111  38.67969050 -121.44471945
112  38.67969050 -121.44471945  38.67971647 -121.44471728
112  38.67981439 -121.44470964  38.67982020 -121.44471059
111  38.67981439 -121.44470964
112  38.67981439 -121.44470964  38.67982174 -121.44470708
111  38.67987432 -121.44470344
111  38.67987657 -121.44477536
111  38.67843473 -121.44488913
111  38.67845274 -121.44508892
111  38.67810613 -121.44511721
112  38.67809714 -121.44492218  38.67808934 -121.44490720
112  38.67801764 -121.44478262  38.67800854 -121.44476763
112  38.67787308 -121.44472495  38.67785229 -121.44472162
111  38.67767344 -121.44471784
112  38.67663139 -121.44482039  38.67609631 -121.44486667
111  38.67663139 -121.44482039
112  38.67663139 -121.44482039  38.67604165 -121.44487140
112  38.67539396 -121.44491921  38.67537044 -121.44492527
111  38.67539396 -121.44491921
112  38.67539396 -121.44491921  38.67534910 -121.44493078
112  38.67536399 -121.44510239  38.67536390 -121.44510895
111  38.67536399 -121.44510239
112  38.67536399 -121.44510239  38.67536354 -121.44513396
112  38.67541642 -121.44536508  38.67545925 -121.44539050
112  38.67527493 -121.44537083  38.67529792 -121.44533002
112  38.67530469 -121.44510583  38.67530078 -121.44503595
111  38.67530469 -121.44510583
112  38.67530469 -121.44510583  38.67530174 -121.44505320
112  38.67528392 -121.44492208  38.67525791 -121.44490208
111  38.67528392 -121.44492208
112  38.67528392 -121.44492208  38.67527243 -121.44491265
112  38.67320467 -121.44511269  38.67318127 -121.44513267
111  38.67299956 -121.44532480
114  38.67298727 -121.44544287  38.67301196 -121.44551611
130 Airport Boundary
111  38.68007715 -121.44360452
111  38.68008821 -121.44552126
111  38.68012417 -121.44580469
111  38.67956546 -121.44588618
111  38.67939397 -121.44608104
111  38.67864441 -121.44613771
111  38.67756018 -121.44607748
111  38.67713700 -121.44608809
111  38.67594767 -121.44615540
111  38.67036609 -121.44663009
111  38.66972994 -121.44559213
111  38.66950037 -121.44559567
111  38.66948101 -121.44516348
111  38.67118480 -121.44517765
111  38.67133139 -121.44511742
111  38.67174074 -121.44501822
111  38.67248754 -121.44487298
111  38.67333113 -121.44470645
111  38.67550789 -121.44445844
111  38.67613575 -121.44445488
111  38.67650361 -121.44442300
111  38.67650085 -121.44341446
111  38.67752146 -121.44317238
111  38.67757925 -121.44306414
111  38.67797825 -121.44335232
111  38.67801382 -121.44334439
111  38.67817995 -121.44343332
111  38.67856049 -121.44343818
111  38.67887828 -121.44345077
111  38.67905856 -121.44345421
113  38.67906751 -121.44359687
120 Default hold RWY 17 (near)
111  38.67809714 -121.44492218 4
115  38.67843473 -121.44488913
120 Default hold RWY 17 (far)
111  38.67284080 -121.44532765 4
115  38.67299956 -121.44532480
120 Default hold RWY 17 (centre)
111  38.67530469 -121.44510583 4
115  38.67536399 -121.44510239
14  38.67752146 -121.44481271  82.02 0 Tower Viewpoint
1300  38.67740034 -121.44451845  -4.91 hangar props|helos Apron Hangar
1301 A none 
1300  38.67391187 -121.44495226 -86.57 hangar props|helos Side Hangar
1301 A none 
19  38.67541473 -121.44582747 1 WS
1051 123000 CTAF/UNICOM
1000 17
1001 MCC 080 259 35
1002 MCC 0
1003 MCC 0.0
1101 17 right
1110 17 123000 arrivals|departures props|helos 000000 080259 Arr,Dep Rwy 17
1000 35
1001 MCC 000 079 35
1001 MCC 260 360 35
1002 MCC 0
1003 MCC 0.0
1101 35 left
1110 35 123000 arrivals|departures props|helos 000000 260079 Arr,Dep Rwy 35
1200 
1201  38.67287328 -121.44555027 both 0 S_stop
1201  38.67292330 -121.44534810 both 1 S_stop
1201  38.67533537 -121.44513596 both 2 M_stop
1201  38.67533315 -121.44508470 both 3 M_stop
1201  38.67294450 -121.44529922 both 4 A_stop
1201  38.67308664 -121.44515899 both 5 A_stop
1201  38.67322109 -121.44507780 both 6 A_stop
1201  38.67351112 -121.44504336 both 7 A_stop
1201  38.67391256 -121.44500399 both 8 A_stop
1201  38.67491904 -121.44492527 both 9 A_stop
1201  38.67532968 -121.44488875 both 10 A_stop
1201  38.67658242 -121.44478749 both 11 A_stop
1201  38.67715288 -121.44472598 both 12 A_stop
1201  38.67763884 -121.44468908 both 13 A_stop
1201  38.67788854 -121.44469892 both 14 A_stop
1201  38.67805180 -121.44475550 both 15 A_stop
1201  38.67827269 -121.44507043 both 16 17-35-Hold_stop
1201  38.67816512 -121.44489082 both 17 N_start
1201  38.67145366 -121.44576226 both 18 17-35_stop
1201  38.67855992 -121.44513385 both 19 17-35_start
1201  38.67828037 -121.44515900 both 20 17-35_start
1201  38.67534759 -121.44541929 both 21 17-35_start
1201  38.67286106 -121.44563854 both 22 17-35_start
1202 0 22 twoway taxiway_A S
1204 departure 17,35
1204 arrival 17,35
1202 1 0 twoway taxiway_A S
1204 departure 17,35
1204 arrival 17,35
1202 4 1 twoway taxiway_A S
1204 departure 17,35
1204 arrival 17,35
1202 2 21 twoway taxiway_A M
1204 departure 17,35
1204 arrival 17,35
1202 3 2 twoway taxiway_A M
1204 departure 17,35
1204 arrival 17,35
1202 10 3 twoway taxiway_A M
1202 5 4 twoway taxiway_A A
1202 6 5 twoway taxiway_A A
1202 7 6 twoway taxiway_A A
1202 8 7 twoway taxiway_A A
1202 9 8 twoway taxiway_A A
1202 10 9 twoway taxiway_A A
1202 11 10 twoway taxiway_A A
1202 12 11 twoway taxiway_A A
1202 13 12 twoway taxiway_A A
1202 14 13 twoway taxiway_A A
1202 15 14 twoway taxiway_A A
1202 17 15 twoway taxiway_A A
1202 16 20 twoway taxiway_A N
1204 departure 17,35
1204 arrival 17,35
1202 17 16 twoway taxiway_A N
1204 departure 17,35
1204 arrival 17,35
1202 19 20 twoway runway 17/35
1204 departure 17,35
1204 arrival 17,35
1204 ils 17,35
1202 20 21 twoway runway 17/35
1204 departure 17,35
1204 arrival 17,35
1204 ils 17,35
1202 21 22 twoway runway 17/35
1204 departure 17,35
1204 arrival 17,35
1204 ils 17,35
1202 22 18 twoway runway 17/35
1204 departure 17,35
1204 arrival 17,35
1204 ils 17,35

1   4206 0 0 QSAL Salt Flats
100 91.44 12 0 0.25 0 2 0 09  40.77219800 -113.90857584    0    0 1 0 0 0 27  40.77219800 -113.87655016    0    0 1 0 0 0
18  40.77507813 -113.89256300 1 BCN
19  40.77343219 -113.90966274 1 WS
19  40.77096351 -113.87546386 1 WS

1     36 0 0 Q85 Sanborn
1302 gui_label 2D
100 25.00 1 0 0.25 0 0 0 16  39.11481143 -121.88442666    0    0 2 0 0 0 34  39.10794108 -121.88449160    0    0 2 0 0 0
130 Airport Boundary 1
111  39.10724253 -121.88477847
111  39.10724517 -121.88410942
111  39.10791116 -121.88410942
111  39.10816288 -121.88430203
111  39.11493574 -121.88420060
113  39.11492788 -121.88465679

1    320 0 0 Q60 Sierra Sky Park
100 15.24 1 0 0.00 0 0 0 12  36.84287441 -119.87313589   98    0 0 0 0 0 30  36.83755801 -119.86576777   86    0 0 0 0 0
110 1 0.00 134.0000 Taxiway 1
111  36.83893888 -119.86755433
112  36.83897311 -119.86756480  36.83899016 -119.86756534
112  36.83901323 -119.86753924  36.83903183 -119.86751891
111  36.83920409 -119.86732627
112  36.83926178 -119.86725141  36.83926215 -119.86723628
111  36.83925405 -119.86719317
111  36.83936306 -119.86734012
112  36.83932045 -119.86733572  36.83930959 -119.86733537
111  36.83925043 -119.86740637
112  36.83906536 -119.86761235  36.83904714 -119.86763366
112  36.83904728 -119.86767693  36.83905257 -119.86770158
113  36.83905838 -119.86771991
110 1 0.00 134.0000 Taxiway 2
111  36.83986203 -119.86883437
112  36.83989626 -119.86884484  36.83991331 -119.86884538
112  36.83993638 -119.86881928  36.83995498 -119.86879895
111  36.84012724 -119.86860631
112  36.84020686 -119.86851062  36.84021187 -119.86849548
111  36.84020686 -119.86851062
112  36.84020686 -119.86851062  36.84020723 -119.86849548
111  36.84020619 -119.86846520
111  36.84030714 -119.86860388
112  36.84026454 -119.86859442  36.84025369 -119.86859407
111  36.84026454 -119.86859442
112  36.84026454 -119.86859442  36.84024698 -119.86860309
111  36.84017426 -119.86868641
112  36.83998851 -119.86889239  36.83997029 -119.86891370
112  36.83997043 -119.86895697  36.83997572 -119.86898162
113  36.83998161 -119.86899980
110 1 0.00 134.0000 Taxiway 3
111  36.84133741 -119.87088015
112  36.84137164 -119.87089063  36.84138869 -119.87089116
112  36.84141176 -119.87086507  36.84143036 -119.87084473
111  36.84160262 -119.87065209
112  36.84169403 -119.87054927  36.84171705 -119.87051869
111  36.84169403 -119.87054927
112  36.84169403 -119.87054927  36.84169440 -119.87053413
111  36.84168241 -119.87047609
111  36.84180351 -119.87064248
112  36.84174277 -119.87063234  36.84173191 -119.87063199
111  36.84174277 -119.87063234
112  36.84174277 -119.87063234  36.84171406 -119.87065772
111  36.84164964 -119.87073220
112  36.84146389 -119.87093818  36.84144567 -119.87095948
112  36.84144581 -119.87100276  36.84145109 -119.87102741
113  36.84145698 -119.87104559
110 1 0.00 134.0000 Main Taxiway
111  36.84282553 -119.87319096
111  36.84282425 -119.87387333
112  36.84237600 -119.87324121  36.84235454 -119.87321160
111  36.84237600 -119.87324121
112  36.84237600 -119.87324121  36.84234843 -119.87319996
112  36.84230851 -119.87317055  36.84229090 -119.87314694
112  36.84155321 -119.87214021  36.84154266 -119.87212744
111  36.84155321 -119.87214021
112  36.84155321 -119.87214021  36.84154266 -119.87212744
112  36.84150642 -119.87212684  36.84149367 -119.87212778
112  36.84145219 -119.87214889  36.84144225 -119.87215982
112  36.84121668 -119.87240829  36.84121090 -119.87241506
112  36.84120915 -119.87244608  36.84120861 -119.87246054
111  36.84121231 -119.87249047
111  36.83951859 -119.87013442
112  36.83956344 -119.87014794  36.83957609 -119.87014871
112  36.83960179 -119.87013873  36.83961196 -119.87012948
111  36.83960179 -119.87013873
112  36.83960179 -119.87013873  36.83961370 -119.87012565
112  36.83984184 -119.86987583  36.83985398 -119.86986232
111  36.83984184 -119.86987583
112  36.83984184 -119.86987583  36.83985347 -119.86986130
112  36.83985220 -119.86980983  36.83985008 -119.86978650
111  36.83982759 -119.86974694
112  36.83767054 -119.86674946  36.83763933 -119.86670735
111  36.83767054 -119.86674946
112  36.83767054 -119.86674946  36.83763785 -119.86675327 3
111  36.83752987 -119.86677118 3
111  36.83737541 -119.86654353 3
111  36.83748683 -119.86641732 3
112  36.83745427 -119.86626476  36.83744553 -119.86618678 3
111  36.83744634 -119.86607713 3
112  36.83746291 -119.86589025  36.83747165 -119.86586374
111  36.83746291 -119.86589025
112  36.83746291 -119.86589025  36.83747539 -119.86586686 3
113  36.83750914 -119.86582278
112  36.83769146 -119.86619475  36.83769861 -119.86618516 3
112  36.83770557 -119.86614571  36.83770742 -119.86612256 3
111  36.83770372 -119.86609489 3
111  36.83756599 -119.86590419 3
112  36.83753281 -119.86593371  36.83752507 -119.86594660 3
112  36.83751479 -119.86612728  36.83751761 -119.86623776 3
112  36.83754086 -119.86633900  36.83755239 -119.86635061 3
113  36.83756608 -119.86634155 3
112  36.83869723 -119.86792449  36.83871837 -119.86790288
112  36.83883720 -119.86777965  36.83885065 -119.86776540
111  36.83883720 -119.86777965
112  36.83883720 -119.86777965  36.83885541 -119.86776081
111  36.83886128 -119.86773724
112  36.83885235 -119.86768723  36.83883877 -119.86766856
111  36.83885235 -119.86768723
112  36.83885235 -119.86768723  36.83884189 -119.86767298
112  36.83782027 -119.86625705  36.83780669 -119.86623838 3
111  36.83777652 -119.86623687 3
112  36.83773703 -119.86625462  36.83772604 -119.86626773 3
112  36.83762333 -119.86638802  36.83761080 -119.86640318 3
111  36.83760929 -119.86645115 3
112  36.83763122 -119.86652136  36.83765091 -119.86654894
112  36.83860661 -119.86790555  36.83862518 -119.86793236
113  36.83864893 -119.86794146
112  36.84136588 -119.87117063  36.84135027 -119.87114880
111  36.84131155 -119.87114120
112  36.84126270 -119.87116086  36.84124708 -119.87118004
112  36.84114497 -119.87130629  36.84113043 -119.87132621
111  36.84112624 -119.87135477
112  36.84114363 -119.87143334  36.84116332 -119.87146146
112  36.84234769 -119.87310334  36.84236267 -119.87312362
112  36.84242185 -119.87316897  36.84244994 -119.87320640
111  36.84242185 -119.87316897
112  36.84242185 -119.87316897  36.84244935 -119.87320713
112  36.84267170 -119.87352354  36.84270111 -119.87356402
112  36.84272630 -119.87356975  36.84273159 -119.87357195
111  36.84272630 -119.87356975
112  36.84272630 -119.87356975  36.84273159 -119.87356941 3
112  36.84273432 -119.87355804  36.84273582 -119.87355193 3
113  36.84274070 -119.87307579
112  36.83989717 -119.86913516  36.83987938 -119.86911058
111  36.83989717 -119.86913516
112  36.83989717 -119.86913516  36.83987860 -119.86911155
111  36.83983610 -119.86910941
112  36.83977998 -119.86913216  36.83976525 -119.86914857
112  36.83966753 -119.86925938  36.83964919 -119.86928085
111  36.83964735 -119.86931515
112  36.83967245 -119.86938079  36.83969487 -119.86941134
112  36.84097785 -119.87120216  36.84099746 -119.87122858
111  36.84103550 -119.87123707
112  36.84108334 -119.87122756  36.84109682 -119.87121617
111  36.84108334 -119.87122756
112  36.84108334 -119.87122756  36.84109830 -119.87121145
112  36.84120840 -119.87108370  36.84122816 -119.87106094
111  36.84122733 -119.87102210
112  36.84120453 -119.87094703  36.84118361 -119.87091604
111  36.84120453 -119.87094703
114  36.84120453 -119.87094703  36.84118279 -119.87091681
112  36.83896807 -119.86784749  36.83894868 -119.86782100
111  36.83896807 -119.86784749
112  36.83896807 -119.86784749  36.83894831 -119.86782135
111  36.83892384 -119.86782483
112  36.83888039 -119.86784867  36.83886295 -119.86786803
112  36.83874787 -119.86799335  36.83873335 -119.86800974
111  36.83873532 -119.86805716
112  36.83875832 -119.86812593  36.83877642 -119.86815003
112  36.83952233 -119.86917119  36.83954279 -119.86919888
111  36.83956451 -119.86920143
112  36.83960557 -119.86918243  36.83962390 -119.86916273
112  36.83974349 -119.86903557  36.83976143 -119.86901562
111  36.83976009 -119.86897984
114  36.83973754 -119.86891362  36.83972201 -119.86889230
112  36.84075083 -119.87102715  36.84073435 -119.87100399
111  36.84070694 -119.87099499
112  36.84065540 -119.87102156  36.84062451 -119.87105416
112  36.84042354 -119.87127271  36.84040564 -119.87129402
111  36.84040578 -119.87132029
112  36.84042464 -119.87139385  36.84044936 -119.87142794
112  36.84108416 -119.87231148  36.84108572 -119.87231368
111  36.84108416 -119.87231148
112  36.84108416 -119.87231148  36.84109869 -119.87233111
111  36.84113242 -119.87233730
112  36.84117809 -119.87232002  36.84119591 -119.87230128
112  36.84140999 -119.87207619  36.84143596 -119.87204859
111  36.84142919 -119.87199644
114  36.84139889 -119.87192977  36.84137292 -119.87189345
112  36.83997072 -119.86995164  36.83995618 -119.86993348
111  36.83992986 -119.86993221
112  36.83988433 -119.86995646  36.83986182 -119.86997990
112  36.83965975 -119.87020774  36.83964218 -119.87022818
111  36.83964167 -119.87026415
112  36.83966564 -119.87033780  36.83968705 -119.87036696
112  36.84028336 -119.87119580  36.84030086 -119.87122040
111  36.84032961 -119.87121752
112  36.84037141 -119.87119755  36.84038971 -119.87117891
112  36.84061714 -119.87094463  36.84063416 -119.87092548
111  36.84063486 -119.87089479
112  36.84061530 -119.87082819  36.84059487 -119.87080196
111  36.84061530 -119.87082819
114  36.84061530 -119.87082819  36.84059542 -119.87080128
130 Airport Boundary 13
111  36.83716593 -119.87452706
111  36.83715057 -119.86538262
111  36.84321750 -119.86545938
111  36.84258776 -119.86806934
111  36.84254169 -119.87024750
111  36.84315606 -119.87161005
111  36.84407762 -119.87339480
113  36.84432197 -119.87469500
120 Linear Feature 44
111  36.83922340 -119.86743604 4
115  36.83917049 -119.86736398
120 Linear Feature 43
111  36.84014934 -119.86871389 4
115  36.84009669 -119.86864063
120 Linear Feature 42
111  36.84156814 -119.87069064 4
115  36.84162106 -119.87076347
120 Linear Feature 47
111  36.83870787 -119.86811893 1
112  36.83868694 -119.86803549  36.83868670 -119.86801866 1
111  36.83870407 -119.86798085 1
112  36.83866123 -119.86799645  36.83864496 -119.86799693 1
115  36.83860274 -119.86797310
120 Linear Feature 47
111  36.84109019 -119.87142368 1
112  36.84106989 -119.87134922  36.84106965 -119.87133238 1
111  36.84108776 -119.87129340 1
112  36.84104417 -119.87131017  36.84102790 -119.87131065 1
115  36.84099028 -119.87128501
120 Linear Feature 46
111  36.83987371 -119.86990334 1
112  36.83990216 -119.86985625  36.83990920 -119.86983164
111  36.83990216 -119.86985625
112  36.83990216 -119.86985625  36.83990451 -119.86982051 1
115  36.83989033 -119.86975916
120 Linear Feature 46
111  36.84064540 -119.87097613 1
112  36.84067038 -119.87093150  36.84067741 -119.87090689
111  36.84067038 -119.87093150
112  36.84067038 -119.87093150  36.84067272 -119.87089576 1
115  36.84066160 -119.87082903
120 Linear Feature 41
111  36.83760929 -119.86645115 4
111  36.83754164 -119.86635452 4
115  36.83748683 -119.86641732
120 Linear Feature 40
111  36.83873573 -119.86802633 4
115  36.83867502 -119.86793985
120 Linear Feature 39
111  36.83964973 -119.86929642 4
115  36.83958126 -119.86919975
120 Linear Feature 47
111  36.83961725 -119.86938037 1
112  36.83959721 -119.86930254  36.83959697 -119.86928570 1
111  36.83961527 -119.86924685 1
112  36.83957150 -119.86926349  36.83955522 -119.86926397 1
115  36.83951457 -119.86923794
120 Linear Feature 25
111  36.84077187 -119.87098202 1
112  36.84068611 -119.87095460  36.84066944 -119.87095460 1
112  36.84063375 -119.87098803  36.84062211 -119.87099994 1
115  36.84041106 -119.87122008
120 Linear Feature 25
111  36.84157431 -119.87209509 1
112  36.84151069 -119.87207093  36.84149402 -119.87207093 1
112  36.84145401 -119.87208831  36.84144237 -119.87210021 1
115  36.84122872 -119.87233283
120 Linear Feature 17
111  36.84245299 -119.87255052 1
111  36.84276240 -119.87297973 1
112  36.84277508 -119.87301452  36.84277817 -119.87303579 1
111  36.84277853 -119.87306028 1
112  36.84277551 -119.87364179  36.84276675 -119.87368304
111  36.84277551 -119.87364179
112  36.84277551 -119.87364179  36.84276623 -119.87366306 1
111  36.84274982 -119.87366453 1
112  36.84271119 -119.87365309  36.84269520 -119.87363247 1
112  36.84241969 -119.87323988  36.84239494 -119.87320508 1
112  36.84233627 -119.87315196  36.84231615 -119.87312425 1
112  36.83757848 -119.86655243  36.83755320 -119.86651763
111  36.83757848 -119.86655243
112  36.83757848 -119.86655243  36.83754212 -119.86650431 1
111  36.83754658 -119.86645759 1
112  36.83756510 -119.86639833  36.83757903 -119.86637900 1
115  36.83780657 -119.86610907
120 Linear Feature 25
111  36.83982181 -119.86888191 1
112  36.83987510 -119.86891091  36.83989177 -119.86891127
111  36.83987510 -119.86891091
112  36.83987510 -119.86891091  36.83989161 -119.86891333 1
112  36.83992981 -119.86889563  36.83994639 -119.86887699
111  36.83992981 -119.86889563
112  36.83992981 -119.86889563  36.83994162 -119.86888397 1
115  36.84012112 -119.86867701
120 Linear Feature 35
111  36.84240180 -119.87260234 3
115  36.84274070 -119.87307579
120 Linear Feature 34
111  36.84282419 -119.87371618 3
111  36.84282553 -119.87319096 3
111  36.84292330 -119.87308080 3
115  36.84250004 -119.87249320
120 Linear Feature 32
111  36.83785630 -119.86630718 3
115  36.83782027 -119.86625705
120 Linear Feature 25
111  36.84130246 -119.87093230 1
112  36.84135004 -119.87096423  36.84136671 -119.87096459 1
112  36.84140654 -119.87093655  36.84141835 -119.87092490 1
115  36.84159543 -119.87072798
120 Linear Feature 25
111  36.83891161 -119.86761105 1
112  36.83895159 -119.86764021  36.83896797 -119.86764457
111  36.83895159 -119.86764021
112  36.83895159 -119.86764021  36.83896360 -119.86764493 1
112  36.83899793 -119.86762372  36.83901856 -119.86760390
111  36.83899793 -119.86762372
112  36.83899793 -119.86762372  36.83900974 -119.86761207 1
115  36.83919616 -119.86740280
120 Linear Feature 25
111  36.83899158 -119.86777604 1
112  36.83893365 -119.86774454  36.83891698 -119.86774454 1
112  36.83887754 -119.86778974  36.83886590 -119.86780165 1
115  36.83870407 -119.86798085
120 Linear Feature 25
111  36.83990756 -119.86903921 1
112  36.83986619 -119.86900347  36.83984951 -119.86900347 1
112  36.83981308 -119.86902534  36.83978908 -119.86905011
111  36.83981308 -119.86902534
112  36.83981308 -119.86902534  36.83980144 -119.86903725 1
115  36.83961527 -119.86924685
120 Linear Feature 25
111  36.84139625 -119.87109831 1
112  36.84133307 -119.87105339  36.84131639 -119.87105339 1
112  36.84127958 -119.87107483  36.84126290 -119.87109275
111  36.84127958 -119.87107483
112  36.84127958 -119.87107483  36.84126793 -119.87108673 1
115  36.84108776 -119.87129340
120 Linear Feature 25
111  36.83999183 -119.86989996 1
112  36.83991837 -119.86987433  36.83990169 -119.86987433 1
112  36.83986206 -119.86991525  36.83985042 -119.86992715 1
115  36.83968597 -119.87011028
120 Linear Feature 31
111  36.83780657 -119.86610907 1
112  36.83763293 -119.86586952  36.83761678 -119.86584769 1
112  36.83758428 -119.86583636  36.83756258 -119.86583636 1
112  36.83753700 -119.86585802  36.83752403 -119.86587522 1
112  36.83750242 -119.86592427  36.83749553 -119.86595370 1
112  36.83748852 -119.86611575  36.83749038 -119.86619181 1
112  36.83750575 -119.86636759  36.83751767 -119.86643494 1
115  36.83756047 -119.86652254
120 Linear Feature 33
111  36.83795808 -119.86619413 3
111  36.83760727 -119.86570942 3
115  36.83750914 -119.86582278
120 Linear Feature 36
111  36.83890799 -119.86765478 1
112  36.83892373 -119.86771801  36.83892489 -119.86774367 1
115  36.83890681 -119.86775983
120 Linear Feature 36
111  36.83980802 -119.86890497 1
112  36.83983710 -119.86897624  36.83983827 -119.86900190 1
115  36.83981702 -119.86902142
120 Linear Feature 36
111  36.83900210 -119.86774326 1
112  36.83897785 -119.86768015  36.83897612 -119.86765454 1
115  36.83899793 -119.86762372
120 Linear Feature 36
111  36.83992721 -119.86903072 1
112  36.83990203 -119.86896508  36.83990029 -119.86893947 1
115  36.83992981 -119.86889563
120 Linear Feature 36
111  36.84140327 -119.87107522 1
112  36.84137582 -119.87101029  36.84137409 -119.87098468 1
115  36.84140654 -119.87093655
120 Linear Feature 36
111  36.84128000 -119.87093872 1
112  36.84130863 -119.87101548  36.84130980 -119.87104114 1
115  36.84128732 -119.87106768
120 Linear Feature 38
111  36.84112675 -119.87134708 4
115  36.84104844 -119.87123752
120 Linear Feature 37
111  36.84282408 -119.87371380 4
115  36.84272593 -119.87356988
1300  36.83745492 -119.86653792  41.24 misc props Runway 30 Run Up
1301 C none 
1300  36.84276633 -119.87365579  41.24 misc props Hold Short Runway 12
1301 C none 

1   3267 0 0 Q29 Silverton Municipal
100 57.91 3 0 0.25 0 0 0 17  34.47157117 -101.30054054    0    0 1 0 0 0 35  34.46188993 -101.30033558    0    0 1 0 0 0
19  34.47210590 -101.29960345 1 WS
19  34.46135520 -101.30127255 1 WS

1     54 0 0 Q40 Sunset Skyranch
1302 gui_label 2D
100 10.67 1 0 0.25 0 1 0 11  38.39467688 -121.33426165    0    0 2 0 0 0 29  38.39019800 -121.32748948    0    0 2 0 0 0
130 Airport Boundary 3
111  38.39620677 -121.33816592
111  38.38920615 -121.32745259
111  38.39039202 -121.32626963
113  38.39742076 -121.33684141

1     66 0 0 Q12 Williams Gliderport
1302 city Williams
1302 country United States
1302 datum_lat 
1302 datum_lon 
1302 faa_code CN12
1302 iata_code 
1302 icao_code CN12
1302 region_code 
1302 state California
1302 transition_alt 
1302 transition_level 
100 12.19 1 0 0.50 0 0 0 16  39.16679714 -122.13172900    0    0 2 0 0 0 34  39.15993992 -122.13180092    0    0 2 0 0 0
110 3 0.00 0.0000 FBO Grass
111  39.15998905 -122.13207892
111  39.15998825 -122.13201331
112  39.16022451 -122.13201303  39.16023832 -122.13201241
112  39.16023819 -122.13202795  39.16023663 -122.13203238
113  39.16018285 -122.13207647
110 2 0.00 0.0000 FBO Pad
111  39.15998871 -122.13236925
111  39.15998814 -122.13200816
112  39.16022127 -122.13200521  39.16023441 -122.13200448
112  39.16024832 -122.13202204  39.16024879 -122.13204304
112  39.16023441 -122.13209438  39.16022984 -122.13211280
111  39.16023035 -122.13213806
113  39.16023041 -122.13237220
110 2 0.00 0.0000 House Pad
111  39.15981235 -122.13130676
111  39.15967741 -122.13130146
111  39.15968399 -122.13119110
111  39.15963709 -122.13118685
111  39.15963709 -122.13107331
111  39.15974323 -122.13106482
111  39.15984362 -122.13092581
111  39.15998514 -122.13100964
111  39.15999172 -122.13117942
113  39.15981729 -122.13117306
110 4 0.00 0.0000 Dirt Road
111  39.15950861 -122.13262742
111  39.15962696 -122.13246630
111  39.15966027 -122.13242419
112  39.15982141 -122.13221057  39.15985221 -122.13212042
112  39.15984510 -122.13186981  39.15983418 -122.13176343
112  39.15977283 -122.13164335  39.15968870 -122.13147067
111  39.15961406 -122.13166015
111  39.15961800 -122.13118579
111  39.15962020 -122.13089890
111  39.15963689 -122.13089801
111  39.15963644 -122.13118638
111  39.15968258 -122.13119129
111  39.15967903 -122.13130106
111  39.15981162 -122.13130513
111  39.15981661 -122.13117419
111  39.16012947 -122.13132856
111  39.15995174 -122.13148595
111  39.15994144 -122.13173080
111  39.15994033 -122.13186644
111  39.15995543 -122.13187078
111  39.15997549 -122.13201069
111  39.15998946 -122.13201364
111  39.15999064 -122.13237376
111  39.16006435 -122.13237358
111  39.16023407 -122.13238028
111  39.16023287 -122.13228645
111  39.16050668 -122.13228773
111  39.16051391 -122.13247337
111  39.16183620 -122.13248351
111  39.16183538 -122.13258483
111  39.16075365 -122.13259143
111  39.16053526 -122.13258042
111  39.16029810 -122.13252981
111  39.16008168 -122.13249748
111  39.15995345 -122.13247756
111  39.15979354 -122.13245154
111  39.15969656 -122.13252254
111  39.15970175 -122.13257942
113  39.15972871 -122.13262604
110 4 0.00 0.0000 Dirt Road 3
111  39.16177422 -122.13250770
111  39.16177621 -122.13213517
111  39.16175251 -122.13213553
111  39.16175279 -122.13188821
111  39.16188929 -122.13183326
112  39.16675768 -122.13179753  39.16675939 -122.13179313
111  39.16690136 -122.12169765
111  39.16703728 -122.12167136
111  39.16686916 -122.13256592
113  39.16183632 -122.13258544
110 4 0.00 0.0000 Dirt Road 2
111  39.15954467 -122.13258962
111  39.15961040 -122.12591048
111  39.15967833 -122.12590501
111  39.15960816 -122.13233310
112  39.15964767 -122.13240393  39.15969178 -122.13245242
113  39.15967433 -122.13244341
110 4 0.00 0.0000 Dirt Road 4
111  39.15962584 -122.13013325
112  39.15978382 -122.13025705  39.15993080 -122.13039606
112  39.16012568 -122.13085175  39.16014986 -122.13093426
111  39.16024512 -122.13094160
112  39.16050247 -122.13094710  39.16058493 -122.13095443
111  39.16056974 -122.13104882
112  39.16056787 -122.13116347  39.16056868 -122.13121892
112  39.16059479 -122.13127669  39.16062295 -122.13130470
111  39.16067593 -122.13129917
111  39.16075825 -122.13130229
111  39.16185280 -122.13130388
111  39.16327152 -122.13130388
111  39.16493790 -122.13129019
111  39.16663965 -122.13131152
111  39.16681024 -122.13131139
111  39.16680490 -122.13165764
111  39.15994153 -122.13172981
111  39.15992919 -122.13172981
111  39.15981751 -122.13117436
111  39.15999277 -122.13117966
111  39.15998619 -122.13100881
111  39.15988745 -122.13095257
111  39.15991131 -122.13092286
111  39.15990967 -122.13080825
111  39.15968915 -122.13080295
111  39.15968421 -122.13090057
113  39.15962086 -122.13090057
110 3 0.00 0.0000 New Taxiway 13
111  39.15963655 -122.13107318
111  39.15963823 -122.13090550
111  39.15968622 -122.13090195
111  39.15968967 -122.13080659
111  39.15990694 -122.13081104
111  39.15990821 -122.13092107
111  39.15988685 -122.13095130
111  39.15984448 -122.13092666
113  39.15974330 -122.13106526
110 3 0.00 0.0000 New Taxiway 12
111  39.15963451 -122.13240971
111  39.15960366 -122.13233381
111  39.15960937 -122.13165069
111  39.15965051 -122.13157994
111  39.15970994 -122.13155857
111  39.15975222 -122.13159468
111  39.15978358 -122.13161959
112  39.15985069 -122.13186308  39.15987355 -122.13212469
112  39.15982307 -122.13220927  39.15981736 -122.13226749
113  39.15966365 -122.13242224
110 1 0.00 0.0000 Taxiway 1
111  39.16188520 -122.13185109
111  39.16175120 -122.13188546
111  39.16175075 -122.13213607
111  39.16177490 -122.13213607
111  39.16177366 -122.13248271
111  39.16050494 -122.13247379
111  39.16050522 -122.13228698
111  39.16023644 -122.13228227
111  39.16023643 -122.13201755
111  39.15997539 -122.13201382
111  39.15995532 -122.13186882
114  39.16188385 -122.13185009  39.16188467 -122.13184903
130 Airport Boundary
111  39.15950323 -122.13263585
111  39.15945631 -122.13253317
111  39.15948474 -122.13244882
111  39.15949327 -122.13206558
111  39.15950455 -122.13000931
111  39.15952289 -122.12588578
111  39.15975520 -122.12588578
111  39.15968795 -122.13010390
111  39.16015259 -122.13079772
111  39.16026263 -122.13089233
111  39.16050106 -122.13089233
111  39.16062945 -122.13102637
111  39.16064167 -122.13123924
111  39.16673030 -122.13125761
111  39.16686236 -122.12160649
111  39.16709125 -122.12160649
111  39.16700452 -122.13263207
113  39.15955178 -122.13263697
14  39.16021309 -122.13209491   6.00 0 Tower Viewpoint
1300  39.16046929 -122.13205102  88.32 tie_down props Ramp Start
1301 A general_aviation 
19  39.15994386 -122.13195809 1 WS

99
